service_id,date,exception_type
1,20190930,1
8,20190812,2
8,20190813,2
8,20190814,2
8,20190815,2
8,20190816,2
8,20190819,2
8,20190820,2
8,20190821,2
8,20190822,2
8,20190823,2
8,20190826,2
8,20190827,2
8,20190828,2
8,20190829,2
8,20190830,2
8,20190902,2
8,20190903,2
8,20190904,2
8,20190905,2
8,20190906,2
8,20190909,2
8,20190910,2
8,20190911,2
8,20190912,2
8,20190913,2
8,20190930,2
13,20190812,2
13,20190813,2
13,20190814,2
13,20190815,2
13,20190816,2
13,20190819,2
13,20190820,2
13,20190821,2
13,20190822,2
13,20190823,2
13,20190826,2
13,20190827,2
13,20190828,2
13,20190829,2
13,20190830,2
13,20190902,2
13,20190903,2
13,20190904,2
13,20190905,2
13,20190906,2
13,20190909,2
13,20190910,2
13,20190911,2
13,20190912,2
13,20190913,2
13,20190916,2
13,20190917,2
13,20190918,2
13,20190919,2
13,20190920,2
13,20190923,2
13,20190924,2
13,20190925,2
13,20190926,2
13,20190927,2
13,20190930,2
13,20191014,2
13,20191015,2
13,20191016,2
13,20191017,2
13,20191018,2
13,20191021,2
13,20191022,2
13,20191023,2
13,20191024,2
13,20191025,2
13,20191028,2
13,20191029,2
13,20191030,2
13,20191031,2
13,20191101,2
13,20191104,2
13,20191105,2
13,20191106,2
13,20191107,2
13,20191108,2
15,20190930,2
15,20191001,2
15,20191002,2
15,20191003,2
15,20191004,2
15,20191007,2
15,20191008,2
15,20191009,2
15,20191010,2
15,20191011,2
19,20191002,2
19,20191009,2
20,20190930,1
21,20190930,1
28,20190826,2
28,20190827,2
28,20190828,2
28,20190829,2
28,20190830,2
28,20190930,2
28,20191001,2
28,20191002,2
28,20191003,2
28,20191004,2
29,20190930,2
29,20191001,2
29,20191002,2
29,20191003,2
29,20191004,2
32,20190930,2
33,20190930,1
34,20191001,2
34,20191008,2
35,20191003,2
35,20191010,2
36,20191004,2
36,20191011,2
37,20190930,2
37,20191007,2
38,20190930,2
38,20191001,2
38,20191002,2
38,20191003,2
38,20191007,2
38,20191008,2
38,20191009,2
38,20191010,2
39,20191001,2
39,20191002,2
39,20191003,2
39,20191004,2
39,20191008,2
39,20191009,2
39,20191010,2
39,20191011,2
40,20190930,2
40,20191001,2
40,20191002,2
40,20191004,2
40,20191007,2
40,20191008,2
40,20191009,2
40,20191011,2
41,20190930,2
41,20191002,2
41,20191003,2
41,20191004,2
41,20191007,2
41,20191009,2
41,20191010,2
41,20191011,2
42,20190930,2
42,20191001,2
42,20191003,2
42,20191004,2
42,20191007,2
42,20191008,2
42,20191010,2
42,20191011,2
46,20190930,2
46,20191001,1
46,20191008,1
47,20190930,2
47,20191002,1
47,20191009,1
53,20190930,2
53,20191001,2
53,20191002,2
53,20191007,2
53,20191008,2
53,20191009,2
56,20190817,2
56,20190824,2
56,20190831,2
56,20190907,2
56,20190914,2
56,20190921,2
57,20190818,2
57,20190825,2
57,20190901,2
57,20190908,2
57,20190915,2
57,20190922,2
57,20190930,1
60,20190930,2
61,20190930,2
61,20191001,1
61,20191003,1
61,20191008,1
61,20191010,1
62,20191001,2
62,20191003,2
62,20191008,2
62,20191010,2
71,20190930,2
80,20190930,2
80,20191004,2
80,20191007,2
80,20191011,2
88,20190930,1
127,20190928,2
127,20191005,2
127,20191012,2
127,20191019,2
127,20191026,2
127,20191102,2
127,20191109,2
128,20190929,2
128,20191006,2
128,20191013,2
128,20191020,2
128,20191027,2
128,20191103,2
128,20191110,2
133,20190818,2
133,20190901,2
133,20190908,2
133,20190915,2
133,20190922,2
133,20190929,2
133,20191006,2
133,20191013,2
133,20191020,2
133,20191027,2
133,20191103,2
133,20191110,2
134,20190812,2
134,20190819,2
134,20190826,2
134,20190902,2
134,20190909,2
134,20190916,2
134,20190923,2
134,20191007,2
134,20191014,2
134,20191021,2
134,20191028,2
134,20191104,2
143,20190930,2
143,20191001,2
143,20191002,2
143,20191003,2
164,20190817,2
164,20190824,2
164,20190831,2
164,20190907,2
165,20190818,2
165,20190825,2
165,20190901,2
165,20190908,2
165,20190930,1
180,20190930,2
180,20191001,2
180,20191002,2
180,20191003,2
180,20191004,2
184,20190930,1
192,20190812,2
192,20190819,2
192,20190826,2
192,20190902,2
192,20190909,2
192,20190916,2
192,20190923,2
192,20191007,2
192,20191014,2
192,20191021,2
192,20191028,2
192,20191104,2
197,20190816,2
197,20190823,2
197,20190830,2
197,20190906,2
197,20190913,2
203,20190813,1
203,20190815,1
203,20190820,1
203,20190822,1
203,20190827,1
203,20190829,1
203,20190903,1
203,20190905,1
203,20190910,1
203,20190912,1
203,20190917,1
203,20190919,1
203,20190924,1
203,20190926,1
203,20191001,1
203,20191003,1
203,20191008,1
203,20191010,1
203,20191015,1
203,20191017,1
203,20191022,1
203,20191024,1
203,20191029,1
203,20191031,1
203,20191105,1
203,20191107,1
204,20190813,1
204,20190815,1
204,20190820,1
204,20190822,1
204,20190827,1
204,20190829,1
204,20190903,1
204,20190905,1
204,20190910,1
204,20190912,1
204,20190917,1
204,20190919,1
204,20190924,1
204,20190926,1
204,20191001,1
204,20191003,1
204,20191008,1
204,20191010,1
204,20191015,1
204,20191017,1
204,20191022,1
204,20191024,1
204,20191029,1
204,20191031,1
204,20191105,1
204,20191107,1
205,20190818,1
205,20190825,1
205,20190901,1
205,20190908,1
205,20190915,1
205,20190922,1
205,20191006,1
205,20191013,1
205,20191020,1
205,20191027,1
205,20191103,1
205,20191110,1
206,20190812,1
206,20190814,1
206,20190816,1
206,20190819,1
206,20190821,1
206,20190823,1
206,20190826,1
206,20190828,1
206,20190830,1
206,20190902,1
206,20190904,1
206,20190906,1
206,20190909,1
206,20190911,1
206,20190913,1
206,20190916,1
206,20190918,1
206,20190920,1
206,20190923,1
206,20190925,1
206,20190927,1
206,20190930,1
206,20191002,1
206,20191004,1
206,20191007,1
206,20191009,1
206,20191011,1
206,20191014,1
206,20191016,1
206,20191018,1
206,20191021,1
206,20191023,1
206,20191025,1
206,20191028,1
206,20191030,1
206,20191101,1
206,20191104,1
206,20191106,1
206,20191108,1
207,20190812,1
207,20190813,1
207,20190814,1
207,20190815,1
207,20190816,1
207,20190818,1
207,20190819,1
207,20190820,1
207,20190821,1
207,20190822,1
207,20190823,1
207,20190825,1
207,20190826,1
207,20190827,1
207,20190828,1
207,20190829,1
207,20190830,1
207,20190901,1
207,20190902,1
207,20190903,1
207,20190904,1
207,20190905,1
207,20190906,1
207,20190908,1
207,20190909,1
207,20190910,1
207,20190911,1
207,20190912,1
207,20190913,1
207,20190915,1
207,20190916,1
207,20190917,1
207,20190918,1
207,20190919,1
207,20190920,1
207,20190922,1
207,20190923,1
207,20190924,1
207,20190925,1
207,20190926,1
207,20190927,1
207,20190929,1
207,20190930,1
207,20191001,1
207,20191002,1
207,20191003,1
207,20191004,1
207,20191006,1
207,20191007,1
207,20191008,1
207,20191009,1
207,20191010,1
207,20191011,1
207,20191013,1
207,20191014,1
207,20191015,1
207,20191016,1
207,20191017,1
207,20191018,1
207,20191020,1
207,20191021,1
207,20191022,1
207,20191023,1
207,20191024,1
207,20191025,1
207,20191027,1
207,20191028,1
207,20191029,1
207,20191030,1
207,20191031,1
207,20191101,1
207,20191103,1
207,20191104,1
207,20191105,1
207,20191106,1
207,20191107,1
207,20191108,1
207,20191110,1
208,20190817,1
208,20190824,1
208,20190831,1
208,20190907,1
208,20190914,1
208,20190921,1
208,20190928,1
208,20191005,1
208,20191012,1
208,20191019,1
208,20191026,1
208,20191102,1
208,20191109,1
209,20190816,1
209,20190823,1
209,20190830,1
209,20190906,1
209,20190913,1
209,20190920,1
209,20190927,1
209,20191004,1
209,20191011,1
209,20191018,1
209,20191025,1
209,20191101,1
209,20191108,1
210,20190812,1
210,20190813,1
210,20190814,1
210,20190815,1
210,20190816,1
210,20190819,1
210,20190820,1
210,20190821,1
210,20190822,1
210,20190823,1
210,20190826,1
210,20190827,1
210,20190828,1
210,20190829,1
210,20190830,1
210,20190902,1
210,20190903,1
210,20190904,1
210,20190905,1
210,20190906,1
210,20190909,1
210,20190910,1
210,20190911,1
210,20190912,1
210,20190913,1
210,20190916,1
210,20190917,1
210,20190918,1
210,20190919,1
210,20190920,1
210,20190923,1
210,20190924,1
210,20190925,1
210,20190926,1
210,20190927,1
210,20190930,1
210,20191001,1
210,20191002,1
210,20191003,1
210,20191004,1
210,20191007,1
210,20191008,1
210,20191009,1
210,20191010,1
210,20191011,1
210,20191014,1
210,20191015,1
210,20191016,1
210,20191017,1
210,20191018,1
210,20191021,1
210,20191022,1
210,20191023,1
210,20191024,1
210,20191025,1
210,20191028,1
210,20191029,1
210,20191030,1
210,20191031,1
210,20191101,1
210,20191104,1
210,20191105,1
210,20191106,1
210,20191107,1
210,20191108,1
211,20190818,1
211,20190825,1
211,20190901,1
211,20190908,1
211,20190915,1
211,20190922,1
211,20190929,1
211,20191006,1
211,20191013,1
211,20191020,1
211,20191027,1
211,20191103,1
211,20191110,1
212,20190812,1
212,20190814,1
212,20190819,1
212,20190821,1
212,20190826,1
212,20190828,1
212,20190902,1
212,20190904,1
212,20190909,1
212,20190911,1
212,20190916,1
212,20190918,1
212,20190923,1
212,20190925,1
212,20190930,1
212,20191002,1
212,20191007,1
212,20191009,1
212,20191014,1
212,20191016,1
212,20191021,1
212,20191023,1
212,20191028,1
212,20191030,1
212,20191104,1
212,20191106,1
213,20190812,1
213,20190813,1
213,20190815,1
213,20190819,1
213,20190820,1
213,20190822,1
213,20190826,1
213,20190827,1
213,20190829,1
213,20190902,1
213,20190903,1
213,20190905,1
213,20190909,1
213,20190910,1
213,20190912,1
213,20190916,1
213,20190917,1
213,20190919,1
213,20190923,1
213,20190924,1
213,20190926,1
213,20191001,1
213,20191003,1
213,20191007,1
213,20191008,1
213,20191010,1
213,20191014,1
213,20191015,1
213,20191017,1
213,20191021,1
213,20191022,1
213,20191024,1
213,20191028,1
213,20191029,1
213,20191031,1
213,20191104,1
213,20191105,1
213,20191107,1
215,20190818,1
215,20190825,1
215,20190901,1
215,20190908,1
215,20190915,1
215,20190922,1
215,20190929,1
215,20191006,1
215,20191013,1
215,20191020,1
215,20191027,1
215,20191103,1
215,20191110,1
216,20190817,1
216,20190824,1
216,20190831,1
216,20190907,1
216,20190914,1
216,20190921,1
216,20190928,1
216,20191005,1
216,20191012,1
216,20191019,1
216,20191026,1
216,20191102,1
216,20191109,1
217,20190814,1
217,20190816,1
217,20190821,1
217,20190823,1
217,20190828,1
217,20190830,1
217,20190904,1
217,20190906,1
217,20190911,1
217,20190913,1
217,20190918,1
217,20190920,1
217,20190925,1
217,20190927,1
217,20191002,1
217,20191004,1
217,20191009,1
217,20191011,1
217,20191016,1
217,20191018,1
217,20191023,1
217,20191025,1
217,20191030,1
217,20191101,1
217,20191106,1
217,20191108,1
218,20190812,1
218,20190815,1
218,20190819,1
218,20190822,1
218,20190826,1
218,20190829,1
218,20190902,1
218,20190905,1
218,20190909,1
218,20190912,1
218,20190916,1
218,20190919,1
218,20190923,1
218,20190926,1
218,20190930,1
218,20191003,1
218,20191007,1
218,20191010,1
218,20191014,1
218,20191017,1
218,20191021,1
218,20191024,1
218,20191028,1
218,20191031,1
218,20191104,1
218,20191107,1
219,20190812,1
219,20190813,1
219,20190815,1
219,20190817,1
219,20190818,1
219,20190819,1
219,20190820,1
219,20190822,1
219,20190824,1
219,20190825,1
219,20190826,1
219,20190827,1
219,20190829,1
219,20190831,1
219,20190901,1
219,20190902,1
219,20190903,1
219,20190905,1
219,20190907,1
219,20190908,1
219,20190909,1
219,20190910,1
219,20190912,1
219,20190914,1
219,20190915,1
219,20190916,1
219,20190917,1
219,20190919,1
219,20190921,1
219,20190922,1
219,20190923,1
219,20190924,1
219,20190926,1
219,20190928,1
219,20190929,1
219,20190930,1
219,20191001,1
219,20191003,1
219,20191005,1
219,20191006,1
219,20191007,1
219,20191008,1
219,20191010,1
219,20191012,1
219,20191013,1
219,20191014,1
219,20191015,1
219,20191017,1
219,20191019,1
219,20191020,1
219,20191021,1
219,20191022,1
219,20191024,1
219,20191026,1
219,20191027,1
219,20191028,1
219,20191029,1
219,20191031,1
219,20191102,1
219,20191103,1
219,20191104,1
219,20191105,1
219,20191107,1
219,20191109,1
219,20191110,1
220,20190813,1
220,20190814,1
220,20190816,1
220,20190817,1
220,20190818,1
220,20190820,1
220,20190821,1
220,20190823,1
220,20190824,1
220,20190825,1
220,20190827,1
220,20190828,1
220,20190830,1
220,20190831,1
220,20190901,1
220,20190903,1
220,20190904,1
220,20190906,1
220,20190907,1
220,20190908,1
220,20190910,1
220,20190911,1
220,20190913,1
220,20190914,1
220,20190915,1
220,20190917,1
220,20190918,1
220,20190920,1
220,20190921,1
220,20190922,1
220,20190924,1
220,20190925,1
220,20190927,1
220,20190928,1
220,20190929,1
220,20191001,1
220,20191002,1
220,20191004,1
220,20191005,1
220,20191006,1
220,20191008,1
220,20191009,1
220,20191011,1
220,20191012,1
220,20191013,1
220,20191015,1
220,20191016,1
220,20191018,1
220,20191019,1
220,20191020,1
220,20191022,1
220,20191023,1
220,20191025,1
220,20191026,1
220,20191027,1
220,20191029,1
220,20191030,1
220,20191101,1
220,20191102,1
220,20191103,1
220,20191105,1
220,20191106,1
220,20191108,1
220,20191109,1
220,20191110,1
221,20190817,1
221,20190824,1
221,20190831,1
221,20190907,1
221,20190914,1
221,20190921,1
221,20190928,1
221,20191005,1
221,20191012,1
221,20191019,1
221,20191026,1
221,20191102,1
221,20191109,1
223,20190812,1
223,20190815,1
223,20190819,1
223,20190822,1
223,20190826,1
223,20190829,1
223,20190902,1
223,20190905,1
223,20190909,1
223,20190912,1
223,20190916,1
223,20190919,1
223,20190923,1
223,20190926,1
223,20190930,1
223,20191003,1
223,20191007,1
223,20191010,1
223,20191014,1
223,20191017,1
223,20191021,1
223,20191024,1
223,20191028,1
223,20191031,1
223,20191104,1
223,20191107,1
224,20190812,1
224,20190816,1
224,20190819,1
224,20190823,1
224,20190826,1
224,20190830,1
224,20190902,1
224,20190906,1
224,20190909,1
224,20190913,1
224,20190916,1
224,20190920,1
224,20190923,1
224,20190927,1
224,20190930,1
224,20191004,1
224,20191007,1
224,20191011,1
224,20191014,1
224,20191018,1
224,20191021,1
224,20191025,1
224,20191028,1
224,20191101,1
224,20191104,1
224,20191108,1
225,20190814,1
225,20190821,1
225,20190828,1
225,20190904,1
225,20190911,1
225,20190918,1
225,20190925,1
225,20191002,1
225,20191009,1
225,20191016,1
225,20191023,1
225,20191030,1
225,20191106,1
226,20190816,1
226,20190823,1
226,20190830,1
226,20190906,1
226,20190913,1
226,20190920,1
226,20190927,1
226,20191004,1
226,20191011,1
226,20191018,1
226,20191025,1
226,20191101,1
226,20191108,1
227,20190818,1
227,20190825,1
227,20190901,1
227,20190908,1
227,20190915,1
227,20190922,1
227,20190929,1
227,20191006,1
227,20191013,1
227,20191020,1
227,20191027,1
227,20191103,1
227,20191110,1
228,20190818,1
228,20190825,1
228,20190901,1
228,20190908,1
228,20190915,1
228,20190922,1
228,20190929,1
228,20191006,1
228,20191013,1
228,20191020,1
228,20191027,1
228,20191103,1
228,20191110,1
229,20190813,1
229,20190820,1
229,20190827,1
229,20190903,1
229,20190910,1
229,20190917,1
229,20190924,1
229,20191001,1
229,20191008,1
229,20191015,1
229,20191022,1
229,20191029,1
229,20191105,1
230,20190817,1
230,20190824,1
230,20190831,1
230,20190907,1
230,20190914,1
230,20190921,1
230,20190928,1
230,20191005,1
230,20191012,1
230,20191019,1
230,20191026,1
230,20191102,1
230,20191109,1
231,20190814,1
231,20190821,1
231,20190828,1
231,20190904,1
231,20190911,1
231,20190918,1
231,20190925,1
231,20191002,1
231,20191009,1
231,20191016,1
231,20191023,1
231,20191030,1
231,20191106,1
232,20190816,1
232,20190823,1
232,20190830,1
232,20190906,1
232,20190913,1
232,20190920,1
232,20190927,1
232,20191004,1
232,20191011,1
232,20191018,1
232,20191025,1
232,20191101,1
232,20191108,1
233,20190814,1
233,20190821,1
233,20190828,1
233,20190904,1
233,20190911,1
233,20190918,1
233,20190925,1
233,20191002,1
233,20191009,1
233,20191016,1
233,20191023,1
233,20191030,1
233,20191106,1
234,20190815,1
234,20190822,1
234,20190829,1
234,20190905,1
234,20190912,1
234,20190919,1
234,20190926,1
234,20191003,1
234,20191010,1
234,20191017,1
234,20191024,1
234,20191031,1
234,20191107,1
237,20190816,1
237,20190823,1
237,20190830,1
237,20190906,1
237,20190913,1
237,20190920,1
237,20190927,1
237,20191004,1
237,20191011,1
237,20191018,1
237,20191025,1
237,20191101,1
237,20191108,1
238,20190814,1
238,20190818,1
238,20190821,1
238,20190826,1
238,20190828,1
238,20190901,1
238,20190904,1
238,20190908,1
238,20190911,1
238,20190915,1
238,20190918,1
238,20190922,1
238,20190925,1
238,20190930,1
238,20191002,1
238,20191007,1
238,20191009,1
238,20191014,1
238,20191016,1
238,20191021,1
238,20191023,1
238,20191028,1
238,20191030,1
238,20191104,1
238,20191106,1
239,20190814,1
239,20190816,1
239,20190821,1
239,20190823,1
239,20190828,1
239,20190830,1
239,20190904,1
239,20190906,1
239,20190911,1
239,20190913,1
239,20190918,1
239,20190920,1
239,20190925,1
239,20190927,1
239,20191002,1
239,20191004,1
239,20191009,1
239,20191011,1
239,20191016,1
239,20191018,1
239,20191023,1
239,20191025,1
239,20191030,1
239,20191101,1
239,20191106,1
239,20191108,1
240,20190818,1
240,20190826,1
240,20190901,1
240,20190908,1
240,20190915,1
240,20190922,1
240,20190930,1
240,20191007,1
240,20191014,1
240,20191021,1
240,20191028,1
240,20191104,1
241,20190813,1
241,20190816,1
241,20190820,1
241,20190823,1
241,20190827,1
241,20190830,1
241,20190903,1
241,20190906,1
241,20190910,1
241,20190913,1
241,20190917,1
241,20190920,1
241,20190924,1
241,20190927,1
241,20191001,1
241,20191004,1
241,20191008,1
241,20191011,1
241,20191015,1
241,20191018,1
241,20191022,1
241,20191025,1
241,20191029,1
241,20191101,1
241,20191105,1
241,20191108,1
242,20190812,1
242,20190815,1
242,20190819,1
242,20190822,1
242,20190826,1
242,20190829,1
242,20190902,1
242,20190905,1
242,20190909,1
242,20190912,1
242,20190916,1
242,20190919,1
242,20190923,1
242,20190926,1
242,20190930,1
242,20191003,1
242,20191007,1
242,20191010,1
242,20191014,1
242,20191017,1
242,20191021,1
242,20191024,1
242,20191028,1
242,20191031,1
242,20191104,1
242,20191107,1
243,20190813,1
243,20190815,1
243,20190817,1
243,20190820,1
243,20190822,1
243,20190824,1
243,20190827,1
243,20190829,1
243,20190831,1
243,20190903,1
243,20190905,1
243,20190907,1
243,20190910,1
243,20190912,1
243,20190914,1
243,20190917,1
243,20190919,1
243,20190921,1
243,20190924,1
243,20190926,1
243,20190928,1
243,20191001,1
243,20191003,1
243,20191005,1
243,20191008,1
243,20191010,1
243,20191012,1
243,20191015,1
243,20191017,1
243,20191019,1
243,20191022,1
243,20191024,1
243,20191026,1
243,20191029,1
243,20191031,1
243,20191102,1
243,20191105,1
243,20191107,1
243,20191109,1
244,20190813,1
244,20190815,1
244,20190817,1
244,20190820,1
244,20190822,1
244,20190824,1
244,20190827,1
244,20190829,1
244,20190831,1
244,20190903,1
244,20190905,1
244,20190907,1
244,20190910,1
244,20190912,1
244,20190914,1
244,20190917,1
244,20190919,1
244,20190921,1
244,20190924,1
244,20190926,1
244,20190928,1
244,20191001,1
244,20191003,1
244,20191005,1
244,20191008,1
244,20191010,1
244,20191012,1
244,20191015,1
244,20191017,1
244,20191019,1
244,20191022,1
244,20191024,1
244,20191026,1
244,20191029,1
244,20191031,1
244,20191102,1
244,20191105,1
244,20191107,1
244,20191109,1
245,20190812,1
245,20190814,1
245,20190816,1
245,20190819,1
245,20190821,1
245,20190823,1
245,20190826,1
245,20190828,1
245,20190830,1
245,20190902,1
245,20190904,1
245,20190906,1
245,20190909,1
245,20190911,1
245,20190913,1
245,20190916,1
245,20190918,1
245,20190920,1
245,20190923,1
245,20190925,1
245,20190927,1
245,20190930,1
245,20191002,1
245,20191004,1
245,20191007,1
245,20191009,1
245,20191011,1
245,20191014,1
245,20191016,1
245,20191018,1
245,20191021,1
245,20191023,1
245,20191025,1
245,20191028,1
245,20191030,1
245,20191101,1
245,20191104,1
245,20191106,1
245,20191108,1
246,20190818,1
246,20190825,1
246,20190901,1
246,20190908,1
246,20190915,1
246,20190922,1
246,20190929,1
246,20191006,1
246,20191013,1
246,20191020,1
246,20191027,1
246,20191103,1
246,20191110,1
247,20190818,1
247,20190825,1
247,20190901,1
247,20190908,1
247,20190915,1
247,20190922,1
247,20190929,1
247,20191006,1
247,20191013,1
247,20191020,1
247,20191027,1
247,20191103,1
247,20191110,1
248,20190812,1
248,20190815,1
248,20190819,1
248,20190822,1
248,20190826,1
248,20190829,1
248,20190902,1
248,20190905,1
248,20190909,1
248,20190912,1
248,20190916,1
248,20190919,1
248,20190923,1
248,20190926,1
248,20190930,1
248,20191003,1
248,20191007,1
248,20191010,1
248,20191014,1
248,20191017,1
248,20191021,1
248,20191024,1
248,20191028,1
248,20191031,1
248,20191104,1
248,20191107,1
249,20190813,1
249,20190816,1
249,20190820,1
249,20190823,1
249,20190827,1
249,20190830,1
249,20190903,1
249,20190906,1
249,20190910,1
249,20190913,1
249,20190917,1
249,20190920,1
249,20190924,1
249,20190927,1
249,20191001,1
249,20191004,1
249,20191008,1
249,20191011,1
249,20191015,1
249,20191018,1
249,20191022,1
249,20191025,1
249,20191029,1
249,20191101,1
249,20191105,1
249,20191108,1
250,20190812,1
250,20190813,1
250,20190814,1
250,20190815,1
250,20190816,1
250,20190819,1
250,20190820,1
250,20190821,1
250,20190822,1
250,20190823,1
250,20190826,1
250,20190827,1
250,20190828,1
250,20190829,1
250,20190830,1
250,20190902,1
250,20190903,1
250,20190904,1
250,20190905,1
250,20190906,1
250,20190909,1
250,20190910,1
250,20190911,1
250,20190912,1
250,20190913,1
250,20190916,1
250,20190917,1
250,20190918,1
250,20190919,1
250,20190920,1
250,20190923,1
250,20190924,1
250,20190925,1
250,20190926,1
250,20190927,1
250,20190928,1
250,20190930,1
250,20191001,1
250,20191002,1
250,20191003,1
250,20191004,1
250,20191005,1
250,20191007,1
250,20191008,1
250,20191009,1
250,20191010,1
250,20191011,1
250,20191012,1
250,20191014,1
250,20191015,1
250,20191016,1
250,20191017,1
250,20191018,1
250,20191021,1
250,20191022,1
250,20191023,1
250,20191024,1
250,20191025,1
250,20191028,1
250,20191029,1
250,20191030,1
250,20191031,1
250,20191101,1
250,20191104,1
250,20191105,1
250,20191106,1
250,20191107,1
250,20191108,1
252,20190817,1
252,20190824,1
252,20190831,1
252,20190907,1
252,20190914,1
252,20190921,1
252,20190928,1
252,20191005,1
252,20191012,1
252,20191019,1
252,20191026,1
252,20191102,1
252,20191109,1
254,20190818,1
254,20190825,1
254,20190901,1
254,20190908,1
254,20190915,1
254,20190922,1
254,20190929,1
254,20190930,1
254,20191006,1
254,20191013,1
254,20191020,1
254,20191027,1
254,20191103,1
254,20191110,1
255,20190818,1
255,20190825,1
255,20190901,1
255,20190908,1
255,20190915,1
255,20190922,1
255,20190929,1
255,20190930,1
255,20191006,1
255,20191013,1
255,20191020,1
255,20191027,1
255,20191103,1
255,20191110,1
256,20190816,1
256,20190823,1
256,20190830,1
256,20190906,1
256,20190913,1
256,20190920,1
256,20190927,1
256,20191004,1
256,20191011,1
256,20191018,1
256,20191025,1
256,20191101,1
256,20191108,1
257,20190816,1
257,20190823,1
257,20190830,1
257,20190906,1
257,20190913,1
257,20190920,1
257,20190927,1
257,20191004,1
257,20191011,1
257,20191018,1
257,20191025,1
257,20191101,1
257,20191108,1
262,20190814,1
262,20190816,1
262,20190821,1
262,20190823,1
262,20190828,1
262,20190830,1
262,20190904,1
262,20190906,1
262,20190911,1
262,20190913,1
262,20190918,1
262,20190920,1
262,20190925,1
262,20190927,1
262,20191002,1
262,20191004,1
262,20191009,1
262,20191011,1
262,20191016,1
262,20191018,1
262,20191023,1
262,20191025,1
262,20191030,1
262,20191101,1
262,20191106,1
262,20191108,1
263,20190812,1
263,20190814,1
263,20190816,1
263,20190819,1
263,20190821,1
263,20190823,1
263,20190826,1
263,20190828,1
263,20190830,1
263,20190902,1
263,20190904,1
263,20190906,1
263,20190909,1
263,20190911,1
263,20190913,1
263,20190916,1
263,20190918,1
263,20190920,1
263,20190923,1
263,20190925,1
263,20190927,1
263,20190930,1
263,20191002,1
263,20191004,1
263,20191007,1
263,20191009,1
263,20191011,1
263,20191014,1
263,20191016,1
263,20191018,1
263,20191021,1
263,20191023,1
263,20191025,1
263,20191028,1
263,20191030,1
263,20191101,1
263,20191104,1
263,20191106,1
263,20191108,1
264,20190813,1
264,20190820,1
264,20190827,1
264,20190903,1
264,20190910,1
264,20190917,1
264,20190924,1
264,20191001,1
264,20191008,1
264,20191015,1
264,20191022,1
264,20191029,1
264,20191105,1
265,20190815,1
265,20190822,1
265,20190829,1
265,20190905,1
265,20190912,1
265,20190919,1
265,20190926,1
265,20191003,1
265,20191010,1
265,20191017,1
265,20191024,1
265,20191031,1
265,20191107,1
266,20190815,1
266,20190818,1
266,20190822,1
266,20190825,1
266,20190829,1
266,20190901,1
266,20190905,1
266,20190908,1
266,20190912,1
266,20190915,1
266,20190919,1
266,20190922,1
266,20190926,1
266,20190929,1
266,20191003,1
266,20191006,1
266,20191010,1
266,20191013,1
266,20191017,1
266,20191020,1
266,20191024,1
266,20191027,1
266,20191031,1
266,20191103,1
266,20191107,1
266,20191110,1
267,20190813,1
267,20190820,1
267,20190827,1
267,20190903,1
267,20190910,1
267,20190917,1
267,20190924,1
267,20191001,1
267,20191008,1
267,20191015,1
267,20191022,1
267,20191029,1
267,20191105,1
268,20190812,1
268,20190819,1
268,20190826,1
268,20190902,1
268,20190909,1
268,20190916,1
268,20190923,1
268,20190930,1
268,20191007,1
268,20191014,1
268,20191021,1
268,20191028,1
268,20191104,1
269,20190817,1
269,20190824,1
269,20190831,1
269,20190907,1
269,20190914,1
269,20190921,1
269,20190928,1
269,20191005,1
269,20191012,1
269,20191019,1
269,20191026,1
269,20191102,1
269,20191109,1
271,20190813,1
271,20190815,1
271,20190817,1
271,20190820,1
271,20190822,1
271,20190824,1
271,20190827,1
271,20190829,1
271,20190831,1
271,20190903,1
271,20190905,1
271,20190907,1
271,20190910,1
271,20190912,1
271,20190914,1
271,20190917,1
271,20190919,1
271,20190921,1
271,20190924,1
271,20190926,1
271,20190928,1
271,20191001,1
271,20191003,1
271,20191005,1
271,20191008,1
271,20191010,1
271,20191012,1
271,20191015,1
271,20191017,1
271,20191019,1
271,20191022,1
271,20191024,1
271,20191026,1
271,20191029,1
271,20191031,1
271,20191102,1
271,20191105,1
271,20191107,1
271,20191109,1
272,20190812,1
272,20190813,1
272,20190814,1
272,20190815,1
272,20190816,1
272,20190817,1
272,20190819,1
272,20190820,1
272,20190821,1
272,20190822,1
272,20190823,1
272,20190824,1
272,20190826,1
272,20190827,1
272,20190828,1
272,20190829,1
272,20190830,1
272,20190831,1
272,20190902,1
272,20190903,1
272,20190904,1
272,20190905,1
272,20190906,1
272,20190907,1
272,20190909,1
272,20190910,1
272,20190911,1
272,20190912,1
272,20190913,1
272,20190914,1
272,20190916,1
272,20190917,1
272,20190918,1
272,20190919,1
272,20190920,1
272,20190921,1
272,20190923,1
272,20190924,1
272,20190925,1
272,20190926,1
272,20190927,1
272,20190928,1
272,20190930,1
272,20191001,1
272,20191002,1
272,20191003,1
272,20191004,1
272,20191005,1
272,20191007,1
272,20191008,1
272,20191009,1
272,20191010,1
272,20191011,1
272,20191012,1
272,20191014,1
272,20191015,1
272,20191016,1
272,20191017,1
272,20191018,1
272,20191019,1
272,20191021,1
272,20191022,1
272,20191023,1
272,20191024,1
272,20191025,1
272,20191026,1
272,20191028,1
272,20191029,1
272,20191030,1
272,20191031,1
272,20191101,1
272,20191102,1
272,20191104,1
272,20191105,1
272,20191106,1
272,20191107,1
272,20191108,1
272,20191109,1
285,20190816,1
285,20190823,1
285,20190830,1
285,20190906,1
285,20190913,1
285,20190920,1
285,20190927,1
285,20191004,1
285,20191011,1
285,20191018,1
285,20191025,1
285,20191101,1
285,20191108,1
286,20190816,1
286,20190823,1
286,20190830,1
286,20190906,1
286,20190913,1
286,20190920,1
286,20190927,1
286,20191004,1
286,20191011,1
286,20191018,1
286,20191025,1
286,20191101,1
286,20191108,1
287,20190818,1
287,20190825,1
287,20190901,1
287,20190908,1
287,20190915,1
287,20190922,1
287,20190929,1
287,20191006,1
287,20191013,1
287,20191020,1
287,20191027,1
287,20191103,1
287,20191110,1
288,20190818,1
288,20190825,1
288,20190901,1
288,20190908,1
288,20190915,1
288,20190922,1
288,20190929,1
288,20191006,1
288,20191013,1
288,20191020,1
288,20191027,1
288,20191103,1
288,20191110,1
315,20190818,2
315,20190901,2
315,20190908,2
315,20190915,2
315,20190922,2
315,20190929,2
315,20191006,2
315,20191013,2
315,20191020,2
315,20191027,2
315,20191103,2
315,20191110,2
317,20190813,2
317,20190820,2
317,20190827,2
317,20190903,2
317,20190910,2
317,20190917,2
317,20190924,2
317,20191015,2
317,20191022,2
317,20191029,2
317,20191105,2
318,20190815,2
318,20190822,2
318,20190829,2
318,20190905,2
318,20190912,2
318,20190919,2
318,20190926,2
318,20191017,2
318,20191024,2
318,20191031,2
318,20191107,2
336,20190812,1
336,20190813,1
336,20190814,1
336,20190815,1
336,20190816,1
336,20190819,1
336,20190820,1
336,20190821,1
336,20190822,1
336,20190823,1
336,20190826,1
336,20190827,1
336,20190828,1
336,20190829,1
336,20190830,1
336,20190902,1
336,20190903,1
336,20190904,1
336,20190905,1
336,20190906,1
336,20190909,1
336,20190910,1
336,20190911,1
336,20190912,1
336,20190913,1
336,20190916,1
336,20190917,1
336,20190918,1
336,20190919,1
336,20190920,1
336,20190923,1
336,20190924,1
336,20190925,1
336,20190926,1
336,20190927,1
336,20191001,1
336,20191002,1
336,20191003,1
336,20191004,1
336,20191007,1
336,20191008,1
336,20191009,1
336,20191010,1
336,20191011,1
336,20191014,1
336,20191015,1
336,20191016,1
336,20191017,1
336,20191018,1
336,20191021,1
336,20191022,1
336,20191023,1
336,20191024,1
336,20191025,1
336,20191028,1
336,20191029,1
336,20191030,1
336,20191031,1
336,20191101,1
336,20191104,1
336,20191105,1
336,20191106,1
336,20191107,1
336,20191108,1
337,20190812,1
337,20190813,1
337,20190814,1
337,20190815,1
337,20190816,1
337,20190819,1
337,20190820,1
337,20190821,1
337,20190822,1
337,20190823,1
337,20190826,1
337,20190827,1
337,20190828,1
337,20190829,1
337,20190830,1
337,20190902,1
337,20190903,1
337,20190904,1
337,20190905,1
337,20190906,1
337,20190909,1
337,20190910,1
337,20190911,1
337,20190912,1
337,20190913,1
337,20190916,1
337,20190917,1
337,20190918,1
337,20190919,1
337,20190920,1
337,20190923,1
337,20190924,1
337,20190925,1
337,20190926,1
337,20190927,1
337,20191001,1
337,20191002,1
337,20191003,1
337,20191004,1
337,20191007,1
337,20191008,1
337,20191009,1
337,20191010,1
337,20191011,1
337,20191014,1
337,20191015,1
337,20191016,1
337,20191017,1
337,20191018,1
337,20191021,1
337,20191022,1
337,20191023,1
337,20191024,1
337,20191025,1
337,20191028,1
337,20191029,1
337,20191030,1
337,20191031,1
337,20191101,1
337,20191104,1
337,20191105,1
337,20191106,1
337,20191107,1
337,20191108,1
338,20190812,1
338,20190814,1
338,20190816,1
338,20190819,1
338,20190821,1
338,20190823,1
338,20190826,1
338,20190828,1
338,20190830,1
338,20190902,1
338,20190904,1
338,20190906,1
338,20190909,1
338,20190911,1
338,20190913,1
338,20190916,1
338,20190918,1
338,20190920,1
338,20190923,1
338,20190925,1
338,20190927,1
338,20191002,1
338,20191004,1
338,20191007,1
338,20191009,1
338,20191011,1
338,20191014,1
338,20191016,1
338,20191018,1
338,20191021,1
338,20191023,1
338,20191025,1
338,20191028,1
338,20191030,1
338,20191101,1
338,20191104,1
338,20191106,1
338,20191108,1
339,20190812,1
339,20190819,1
339,20190826,1
339,20190902,1
339,20190909,1
339,20190916,1
339,20190923,1
339,20191007,1
339,20191014,1
339,20191021,1
339,20191028,1
339,20191104,1
340,20190814,1
340,20190821,1
340,20190828,1
340,20190904,1
340,20190911,1
340,20190918,1
340,20190925,1
340,20191002,1
340,20191009,1
340,20191016,1
340,20191023,1
340,20191030,1
340,20191106,1
341,20190816,1
341,20190823,1
341,20190830,1
341,20190906,1
341,20190913,1
341,20190920,1
341,20190927,1
341,20191004,1
341,20191011,1
341,20191018,1
341,20191025,1
341,20191101,1
341,20191108,1
342,20190813,1
342,20190815,1
342,20190817,1
342,20190820,1
342,20190822,1
342,20190824,1
342,20190827,1
342,20190829,1
342,20190831,1
342,20190903,1
342,20190905,1
342,20190907,1
342,20190910,1
342,20190912,1
342,20190914,1
342,20190917,1
342,20190919,1
342,20190921,1
342,20190924,1
342,20190926,1
342,20190928,1
342,20190930,1
342,20191001,1
342,20191003,1
342,20191005,1
342,20191008,1
342,20191010,1
342,20191012,1
342,20191015,1
342,20191017,1
342,20191019,1
342,20191022,1
342,20191024,1
342,20191026,1
342,20191029,1
342,20191031,1
342,20191102,1
342,20191105,1
342,20191107,1
342,20191109,1
343,20190813,1
343,20190815,1
343,20190817,1
343,20190820,1
343,20190822,1
343,20190824,1
343,20190827,1
343,20190829,1
343,20190831,1
343,20190903,1
343,20190905,1
343,20190907,1
343,20190910,1
343,20190912,1
343,20190914,1
343,20190917,1
343,20190919,1
343,20190921,1
343,20190924,1
343,20190926,1
343,20190928,1
343,20190930,1
343,20191001,1
343,20191003,1
343,20191005,1
343,20191008,1
343,20191010,1
343,20191012,1
343,20191015,1
343,20191017,1
343,20191019,1
343,20191022,1
343,20191024,1
343,20191026,1
343,20191029,1
343,20191031,1
343,20191102,1
343,20191105,1
343,20191107,1
343,20191109,1
344,20190812,1
344,20190819,1
344,20190826,1
344,20190902,1
344,20190909,1
344,20190916,1
344,20190923,1
344,20190930,1
344,20191007,1
344,20191014,1
344,20191021,1
344,20191028,1
344,20191104,1
345,20190812,1
345,20190819,1
345,20190826,1
345,20190902,1
345,20190909,1
345,20190916,1
345,20190923,1
345,20190930,1
345,20191007,1
345,20191014,1
345,20191021,1
345,20191028,1
345,20191104,1
346,20190816,1
346,20190823,1
346,20190830,1
346,20190906,1
346,20190913,1
346,20190920,1
346,20190927,1
346,20191004,1
346,20191011,1
346,20191018,1
346,20191025,1
346,20191101,1
346,20191108,1
347,20190816,1
347,20190823,1
347,20190830,1
347,20190906,1
347,20190913,1
347,20190920,1
347,20190927,1
347,20191004,1
347,20191011,1
347,20191018,1
347,20191025,1
347,20191101,1
347,20191108,1
348,20190818,1
348,20190825,1
348,20190901,1
348,20190908,1
348,20190915,1
348,20190922,1
348,20190929,1
348,20191006,1
348,20191013,1
348,20191020,1
348,20191027,1
348,20191103,1
348,20191110,1
349,20190818,1
349,20190825,1
349,20190901,1
349,20190908,1
349,20190915,1
349,20190922,1
349,20190929,1
349,20191006,1
349,20191013,1
349,20191020,1
349,20191027,1
349,20191103,1
349,20191110,1
350,20190812,1
350,20190814,1
350,20190816,1
350,20190819,1
350,20190821,1
350,20190823,1
350,20190826,1
350,20190828,1
350,20190830,1
350,20190902,1
350,20190904,1
350,20190906,1
350,20190909,1
350,20190911,1
350,20190913,1
350,20190916,1
350,20190918,1
350,20190920,1
350,20190923,1
350,20190925,1
350,20190927,1
350,20191002,1
350,20191004,1
350,20191007,1
350,20191009,1
350,20191011,1
350,20191014,1
350,20191016,1
350,20191018,1
350,20191021,1
350,20191023,1
350,20191025,1
350,20191028,1
350,20191030,1
350,20191101,1
350,20191104,1
350,20191106,1
350,20191108,1
351,20190812,1
351,20190814,1
351,20190816,1
351,20190819,1
351,20190821,1
351,20190823,1
351,20190826,1
351,20190828,1
351,20190830,1
351,20190902,1
351,20190904,1
351,20190909,1
351,20190911,1
351,20190916,1
351,20190918,1
351,20190923,1
351,20190925,1
351,20191002,1
351,20191007,1
351,20191009,1
351,20191014,1
351,20191016,1
351,20191021,1
351,20191023,1
351,20191028,1
351,20191030,1
351,20191101,1
351,20191104,1
351,20191106,1
351,20191108,1
352,20190930,2
352,20191001,2
352,20191002,2
352,20191003,2
352,20191004,2
352,20191007,2
352,20191008,2
352,20191009,2
352,20191010,2
352,20191011,2
357,20190930,2
358,20190930,2
359,20190812,2
359,20190813,2
359,20190814,2
359,20190815,2
359,20190819,2
359,20190820,2
359,20190821,2
359,20190822,2
359,20190930,2
360,20190930,2
361,20190812,2
361,20190813,2
361,20190814,2
361,20190815,2
361,20190819,2
361,20190820,2
361,20190821,2
361,20190822,2
361,20190930,2
362,20190930,2
369,20190817,2
369,20190824,2
370,20190817,2
370,20190824,2
371,20190817,2
371,20190824,2
372,20190817,2
372,20190824,2
373,20190817,2
373,20190824,2
374,20190817,2
374,20190824,2
375,20190930,1
376,20190930,1
377,20190818,2
377,20190930,1
378,20190930,1
379,20190818,2
379,20190930,1
380,20190930,1
389,20190824,2
389,20190831,2
389,20190907,2
389,20190914,2
389,20190921,2
389,20190928,2
389,20191005,2
389,20191012,2
389,20191019,2
389,20191026,2
389,20191102,2
389,20191109,2
390,20190824,2
390,20190831,2
390,20190907,2
390,20190914,2
390,20190921,2
390,20190928,2
390,20191005,2
390,20191012,2
390,20191019,2
390,20191026,2
390,20191102,2
390,20191109,2
391,20190817,2
391,20190831,2
391,20190907,2
391,20190914,2
391,20190921,2
391,20190928,2
391,20191005,2
391,20191012,2
391,20191019,2
391,20191026,2
391,20191102,2
391,20191109,2
392,20190817,2
392,20190831,2
392,20190907,2
392,20190914,2
392,20190921,2
392,20190928,2
392,20191005,2
392,20191012,2
392,20191019,2
392,20191026,2
392,20191102,2
392,20191109,2
394,20190812,1
394,20190813,1
394,20190814,1
394,20190815,1
394,20190816,1
394,20190817,1
394,20190818,1
394,20190819,1
394,20190820,1
394,20190821,1
394,20190822,1
394,20190823,1
394,20190824,1
394,20190825,1
394,20190826,1
394,20190827,1
394,20190828,1
394,20190829,1
394,20190830,1
394,20190831,1
394,20190901,1
394,20190902,1
394,20190903,1
394,20190904,1
394,20190905,1
394,20190906,1
394,20190907,1
394,20190908,1
394,20190909,1
394,20190910,1
394,20190911,1
394,20190912,1
394,20190913,1
394,20190914,1
394,20190915,1
394,20190916,1
394,20190917,1
394,20190918,1
394,20190919,1
394,20190920,1
394,20190921,1
394,20190922,1
394,20190923,1
394,20190924,1
394,20190925,1
394,20190926,1
394,20190927,1
394,20190928,1
394,20190929,1
394,20190930,1
394,20191001,1
394,20191002,1
394,20191003,1
394,20191004,1
394,20191005,1
394,20191006,1
394,20191007,1
394,20191008,1
394,20191009,1
394,20191010,1
394,20191011,1
394,20191012,1
394,20191013,1
394,20191014,1
394,20191015,1
394,20191016,1
394,20191017,1
394,20191018,1
394,20191019,1
394,20191020,1
394,20191021,1
394,20191022,1
394,20191023,1
394,20191024,1
394,20191025,1
394,20191026,1
394,20191027,1
394,20191028,1
394,20191029,1
394,20191030,1
394,20191031,1
394,20191101,1
394,20191102,1
394,20191103,1
394,20191104,1
394,20191105,1
394,20191106,1
394,20191107,1
394,20191108,1
394,20191109,1
394,20191110,1
395,20190812,1
395,20190813,1
395,20190814,1
395,20190815,1
395,20190816,1
395,20190817,1
395,20190818,1
395,20190819,1
395,20190820,1
395,20190821,1
395,20190822,1
395,20190823,1
395,20190824,1
395,20190825,1
395,20190826,1
395,20190827,1
395,20190828,1
395,20190829,1
395,20190830,1
395,20190831,1
395,20190901,1
395,20190902,1
395,20190903,1
395,20190904,1
395,20190905,1
395,20190906,1
395,20190907,1
395,20190908,1
395,20190909,1
395,20190910,1
395,20190911,1
395,20190912,1
395,20190913,1
395,20190914,1
395,20190915,1
395,20190916,1
395,20190917,1
395,20190918,1
395,20190919,1
395,20190920,1
395,20190921,1
395,20190922,1
395,20190923,1
395,20190924,1
395,20190925,1
395,20190926,1
395,20190927,1
395,20190928,1
395,20190929,1
395,20190930,1
395,20191001,1
395,20191002,1
395,20191003,1
395,20191004,1
395,20191005,1
395,20191006,1
395,20191007,1
395,20191008,1
395,20191009,1
395,20191010,1
395,20191011,1
395,20191012,1
395,20191013,1
395,20191014,1
395,20191015,1
395,20191016,1
395,20191017,1
395,20191018,1
395,20191019,1
395,20191020,1
395,20191021,1
395,20191022,1
395,20191023,1
395,20191024,1
395,20191025,1
395,20191026,1
395,20191027,1
395,20191028,1
395,20191029,1
395,20191030,1
395,20191031,1
395,20191101,1
395,20191102,1
395,20191103,1
395,20191104,1
395,20191105,1
395,20191106,1
395,20191107,1
395,20191108,1
395,20191109,1
395,20191110,1
396,20190812,1
396,20190813,1
396,20190814,1
396,20190815,1
396,20190816,1
396,20190817,1
396,20190818,1
396,20190819,1
396,20190820,1
396,20190821,1
396,20190822,1
396,20190823,1
396,20190824,1
396,20190825,1
396,20190826,1
396,20190827,1
396,20190828,1
396,20190829,1
396,20190830,1
396,20190831,1
396,20190901,1
396,20190902,1
396,20190903,1
396,20190904,1
396,20190905,1
396,20190906,1
396,20190907,1
396,20190908,1
396,20190909,1
396,20190910,1
396,20190911,1
396,20190912,1
396,20190913,1
396,20190914,1
396,20190915,1
396,20190916,1
396,20190917,1
396,20190918,1
396,20190919,1
396,20190920,1
396,20190921,1
396,20190922,1
396,20190923,1
396,20190924,1
396,20190925,1
396,20190926,1
396,20190927,1
396,20190928,1
396,20190929,1
396,20190930,1
396,20191001,1
396,20191002,1
396,20191003,1
396,20191004,1
396,20191005,1
396,20191006,1
396,20191007,1
396,20191008,1
396,20191009,1
396,20191010,1
396,20191011,1
396,20191012,1
396,20191013,1
396,20191014,1
396,20191015,1
396,20191016,1
396,20191017,1
396,20191018,1
396,20191019,1
396,20191020,1
396,20191021,1
396,20191022,1
396,20191023,1
396,20191024,1
396,20191025,1
396,20191026,1
396,20191027,1
396,20191028,1
396,20191029,1
396,20191030,1
396,20191031,1
396,20191101,1
396,20191102,1
396,20191103,1
396,20191104,1
396,20191105,1
396,20191106,1
396,20191107,1
396,20191108,1
396,20191109,1
396,20191110,1
397,20190812,1
397,20190813,1
397,20190814,1
397,20190815,1
397,20190816,1
397,20190817,1
397,20190818,1
397,20190819,1
397,20190820,1
397,20190821,1
397,20190822,1
397,20190823,1
397,20190824,1
397,20190825,1
397,20190826,1
397,20190827,1
397,20190828,1
397,20190829,1
397,20190830,1
397,20190831,1
397,20190901,1
397,20190902,1
397,20190903,1
397,20190904,1
397,20190905,1
397,20190906,1
397,20190907,1
397,20190908,1
397,20190909,1
397,20190910,1
397,20190911,1
397,20190912,1
397,20190913,1
397,20190914,1
397,20190915,1
397,20190916,1
397,20190917,1
397,20190918,1
397,20190919,1
397,20190920,1
397,20190921,1
397,20190922,1
397,20190923,1
397,20190924,1
397,20190925,1
397,20190926,1
397,20190927,1
397,20190928,1
397,20190929,1
397,20190930,1
397,20191001,1
397,20191002,1
397,20191003,1
397,20191004,1
397,20191005,1
397,20191006,1
397,20191007,1
397,20191008,1
397,20191009,1
397,20191010,1
397,20191011,1
397,20191012,1
397,20191013,1
397,20191014,1
397,20191015,1
397,20191016,1
397,20191017,1
397,20191018,1
397,20191019,1
397,20191020,1
397,20191021,1
397,20191022,1
397,20191023,1
397,20191024,1
397,20191025,1
397,20191026,1
397,20191027,1
397,20191028,1
397,20191029,1
397,20191030,1
397,20191031,1
397,20191101,1
397,20191102,1
397,20191103,1
397,20191104,1
397,20191105,1
397,20191106,1
397,20191107,1
397,20191108,1
397,20191109,1
397,20191110,1
413,20190816,1
413,20190823,1
413,20190830,1
413,20190906,1
413,20190913,1
413,20190920,1
413,20190927,1
413,20191004,1
413,20191011,1
413,20191018,1
413,20191025,1
413,20191101,1
413,20191108,1
415,20190812,1
415,20190814,1
415,20190816,1
415,20190819,1
415,20190821,1
415,20190823,1
415,20190826,1
415,20190828,1
415,20190830,1
415,20190902,1
415,20190904,1
415,20190906,1
415,20190909,1
415,20190911,1
415,20190913,1
415,20190916,1
415,20190918,1
415,20190920,1
415,20190923,1
415,20190925,1
415,20190927,1
415,20190930,1
415,20191002,1
415,20191004,1
415,20191007,1
415,20191009,1
415,20191011,1
415,20191014,1
415,20191016,1
415,20191018,1
415,20191021,1
415,20191023,1
415,20191025,1
415,20191028,1
415,20191030,1
415,20191101,1
415,20191104,1
415,20191106,1
415,20191108,1
421,20190930,2
432,20190817,2
432,20190821,1
432,20190824,2
432,20190831,2
432,20190907,2
432,20190914,2
432,20190921,2
432,20190928,2
432,20191005,2
432,20191012,2
432,20191019,2
432,20191026,2
432,20191102,2
432,20191109,2
443,20190812,1
443,20190813,1
443,20190814,1
443,20190815,1
443,20190817,2
443,20190824,2
443,20190831,2
443,20190907,2
443,20190914,2
443,20190921,2
443,20190928,2
443,20191005,2
443,20191012,2
443,20191019,2
443,20191026,2
443,20191102,2
443,20191109,2
446,20190817,2
446,20190818,1
446,20190824,2
446,20190831,2
446,20190907,2
446,20190914,2
446,20190921,2
446,20190928,2
446,20191005,2
446,20191012,2
446,20191019,2
446,20191026,2
446,20191102,2
446,20191109,2
447,20190817,2
447,20190819,1
447,20190824,2
447,20190831,2
447,20190907,2
447,20190914,2
447,20190921,2
447,20190928,2
447,20191005,2
447,20191012,2
447,20191019,2
447,20191026,2
447,20191102,2
447,20191109,2
449,20190817,2
449,20190820,1
449,20190822,1
449,20190824,2
449,20190831,2
449,20190907,2
449,20190914,2
449,20190921,2
449,20190928,2
449,20191005,2
449,20191012,2
449,20191019,2
449,20191026,2
449,20191102,2
449,20191109,2
S66162_392,20190817,2
S66414_392,20190831,2
S66414_392,20190907,2
S66414_392,20190914,2
S66414_392,20190921,2
S66414_392,20190928,2
S66414_392,20191005,2
S66414_392,20191012,2
S66414_392,20191019,2
S66414_392,20191026,2
S66414_392,20191102,2
S66414_392,20191109,2
S66414_390,20190824,2
S66414_390,20190831,2
S66414_390,20190907,2
S66414_390,20190914,2
S66414_390,20190921,2
S66414_390,20190928,2
S66414_390,20191005,2
S66414_390,20191012,2
S66414_390,20191019,2
S66414_390,20191026,2
S66414_390,20191102,2
S66414_390,20191109,2
S65883_392,20190817,2
S66415_392,20190831,2
S66415_392,20190907,2
S66415_392,20190914,2
S66415_392,20190921,2
S66415_392,20190928,2
S66415_392,20191005,2
S66415_392,20191012,2
S66415_392,20191019,2
S66415_392,20191026,2
S66415_392,20191102,2
S66415_392,20191109,2
S66415_390,20190824,2
S66415_390,20190831,2
S66415_390,20190907,2
S66415_390,20190914,2
S66415_390,20190921,2
S66415_390,20190928,2
S66415_390,20191005,2
S66415_390,20191012,2
S66415_390,20191019,2
S66415_390,20191026,2
S66415_390,20191102,2
S66415_390,20191109,2
S65871_392,20190817,2
S66416_392,20190831,2
S66416_392,20190907,2
S66416_392,20190914,2
S66416_392,20190921,2
S66416_392,20190928,2
S66416_392,20191005,2
S66416_392,20191012,2
S66416_392,20191019,2
S66416_392,20191026,2
S66416_392,20191102,2
S66416_392,20191109,2
S66416_390,20190824,2
S66416_390,20190831,2
S66416_390,20190907,2
S66416_390,20190914,2
S66416_390,20190921,2
S66416_390,20190928,2
S66416_390,20191005,2
S66416_390,20191012,2
S66416_390,20191019,2
S66416_390,20191026,2
S66416_390,20191102,2
S66416_390,20191109,2
S65872_392,20190817,2
S66417_392,20190831,2
S66417_392,20190907,2
S66417_392,20190914,2
S66417_392,20190921,2
S66417_392,20190928,2
S66417_392,20191005,2
S66417_392,20191012,2
S66417_392,20191019,2
S66417_392,20191026,2
S66417_392,20191102,2
S66417_392,20191109,2
S66417_390,20190824,2
S66417_390,20190831,2
S66417_390,20190907,2
S66417_390,20190914,2
S66417_390,20190921,2
S66417_390,20190928,2
S66417_390,20191005,2
S66417_390,20191012,2
S66417_390,20191019,2
S66417_390,20191026,2
S66417_390,20191102,2
S66417_390,20191109,2
S65873_392,20190817,2
S66418_392,20190831,2
S66418_392,20190907,2
S66418_392,20190914,2
S66418_392,20190921,2
S66418_392,20190928,2
S66418_392,20191005,2
S66418_392,20191012,2
S66418_392,20191019,2
S66418_392,20191026,2
S66418_392,20191102,2
S66418_392,20191109,2
S66418_390,20190824,2
S66418_390,20190831,2
S66418_390,20190907,2
S66418_390,20190914,2
S66418_390,20190921,2
S66418_390,20190928,2
S66418_390,20191005,2
S66418_390,20191012,2
S66418_390,20191019,2
S66418_390,20191026,2
S66418_390,20191102,2
S66418_390,20191109,2
S66354_392,20190817,2
S66419_392,20190831,2
S66419_392,20190907,2
S66419_392,20190914,2
S66419_392,20190921,2
S66419_392,20190928,2
S66419_392,20191005,2
S66419_392,20191012,2
S66419_392,20191019,2
S66419_392,20191026,2
S66419_392,20191102,2
S66419_392,20191109,2
S66419_390,20190824,2
S66419_390,20190831,2
S66419_390,20190907,2
S66419_390,20190914,2
S66419_390,20190921,2
S66419_390,20190928,2
S66419_390,20191005,2
S66419_390,20191012,2
S66419_390,20191019,2
S66419_390,20191026,2
S66419_390,20191102,2
S66419_390,20191109,2
S66419_133,20190818,2
S66419_133,20190901,2
S66419_133,20190908,2
S66419_133,20190915,2
S66419_133,20190922,2
S66419_133,20190929,2
S66419_133,20191006,2
S66419_133,20191013,2
S66419_133,20191020,2
S66419_133,20191027,2
S66419_133,20191103,2
S66419_133,20191110,2
S65875_392,20190817,2
S66420_392,20190831,2
S66420_392,20190907,2
S66420_392,20190914,2
S66420_392,20190921,2
S66420_392,20190928,2
S66420_392,20191005,2
S66420_392,20191012,2
S66420_392,20191019,2
S66420_392,20191026,2
S66420_392,20191102,2
S66420_392,20191109,2
S66420_390,20190824,2
S66420_390,20190831,2
S66420_390,20190907,2
S66420_390,20190914,2
S66420_390,20190921,2
S66420_390,20190928,2
S66420_390,20191005,2
S66420_390,20191012,2
S66420_390,20191019,2
S66420_390,20191026,2
S66420_390,20191102,2
S66420_390,20191109,2
S65842_392,20190817,2
S66421_392,20190831,2
S66421_392,20190907,2
S66421_392,20190914,2
S66421_392,20190921,2
S66421_392,20190928,2
S66421_392,20191005,2
S66421_392,20191012,2
S66421_392,20191019,2
S66421_392,20191026,2
S66421_392,20191102,2
S66421_392,20191109,2
S66421_390,20190824,2
S66421_390,20190831,2
S66421_390,20190907,2
S66421_390,20190914,2
S66421_390,20190921,2
S66421_390,20190928,2
S66421_390,20191005,2
S66421_390,20191012,2
S66421_390,20191019,2
S66421_390,20191026,2
S66421_390,20191102,2
S66421_390,20191109,2
S66121_446,20190817,2
S66121_432,20190817,2
S66121_449,20190817,2
S66121_447,20190817,2
S66121_443,20190812,1
S66121_443,20190813,1
S66121_443,20190814,1
S66121_443,20190815,1
S66121_443,20190817,2
S66121_392,20190817,2
S66422_449,20190820,1
S66422_449,20190822,1
S66422_449,20190824,2
S66422_449,20190831,2
S66422_449,20190907,2
S66422_449,20190914,2
S66422_449,20190921,2
S66422_449,20190928,2
S66422_449,20191005,2
S66422_449,20191012,2
S66422_449,20191019,2
S66422_449,20191026,2
S66422_449,20191102,2
S66422_449,20191109,2
S66422_446,20190818,1
S66422_446,20190824,2
S66422_446,20190831,2
S66422_446,20190907,2
S66422_446,20190914,2
S66422_446,20190921,2
S66422_446,20190928,2
S66422_446,20191005,2
S66422_446,20191012,2
S66422_446,20191019,2
S66422_446,20191026,2
S66422_446,20191102,2
S66422_446,20191109,2
S66422_432,20190821,1
S66422_432,20190824,2
S66422_432,20190831,2
S66422_432,20190907,2
S66422_432,20190914,2
S66422_432,20190921,2
S66422_432,20190928,2
S66422_432,20191005,2
S66422_432,20191012,2
S66422_432,20191019,2
S66422_432,20191026,2
S66422_432,20191102,2
S66422_432,20191109,2
S66422_447,20190819,1
S66422_447,20190824,2
S66422_447,20190831,2
S66422_447,20190907,2
S66422_447,20190914,2
S66422_447,20190921,2
S66422_447,20190928,2
S66422_447,20191005,2
S66422_447,20191012,2
S66422_447,20191019,2
S66422_447,20191026,2
S66422_447,20191102,2
S66422_447,20191109,2
S66422_443,20190824,2
S66422_443,20190831,2
S66422_443,20190907,2
S66422_443,20190914,2
S66422_443,20190921,2
S66422_443,20190928,2
S66422_443,20191005,2
S66422_443,20191012,2
S66422_443,20191019,2
S66422_443,20191026,2
S66422_443,20191102,2
S66422_443,20191109,2
S66422_392,20190831,2
S66422_392,20190907,2
S66422_392,20190914,2
S66422_392,20190921,2
S66422_392,20190928,2
S66422_392,20191005,2
S66422_392,20191012,2
S66422_392,20191019,2
S66422_392,20191026,2
S66422_392,20191102,2
S66422_392,20191109,2
S66422_390,20190824,2
S66422_390,20190831,2
S66422_390,20190907,2
S66422_390,20190914,2
S66422_390,20190921,2
S66422_390,20190928,2
S66422_390,20191005,2
S66422_390,20191012,2
S66422_390,20191019,2
S66422_390,20191026,2
S66422_390,20191102,2
S66422_390,20191109,2
S66423_392,20190831,2
S66423_392,20190907,2
S66423_392,20190914,2
S66423_392,20190921,2
S66423_392,20190928,2
S66423_392,20191005,2
S66423_392,20191012,2
S66423_392,20191019,2
S66423_392,20191026,2
S66423_392,20191102,2
S66423_392,20191109,2
S66423_390,20190824,2
S66423_390,20190831,2
S66423_390,20190907,2
S66423_390,20190914,2
S66423_390,20190921,2
S66423_390,20190928,2
S66423_390,20191005,2
S66423_390,20191012,2
S66423_390,20191019,2
S66423_390,20191026,2
S66423_390,20191102,2
S66423_390,20191109,2
S65846_392,20190817,2
S66424_392,20190831,2
S66424_392,20190907,2
S66424_392,20190914,2
S66424_392,20190921,2
S66424_392,20190928,2
S66424_392,20191005,2
S66424_392,20191012,2
S66424_392,20191019,2
S66424_392,20191026,2
S66424_392,20191102,2
S66424_392,20191109,2
S66424_390,20190824,2
S66424_390,20190831,2
S66424_390,20190907,2
S66424_390,20190914,2
S66424_390,20190921,2
S66424_390,20190928,2
S66424_390,20191005,2
S66424_390,20191012,2
S66424_390,20191019,2
S66424_390,20191026,2
S66424_390,20191102,2
S66424_390,20191109,2
S66356_449,20190817,2
S66356_446,20190817,2
S66356_432,20190817,2
S66356_447,20190817,2
S66356_443,20190812,1
S66356_443,20190813,1
S66356_443,20190814,1
S66356_443,20190815,1
S66356_443,20190817,2
S66356_392,20190817,2
S66425_449,20190820,1
S66425_449,20190822,1
S66425_449,20190824,2
S66425_449,20190831,2
S66425_449,20190907,2
S66425_449,20190914,2
S66425_449,20190921,2
S66425_449,20190928,2
S66425_449,20191005,2
S66425_449,20191012,2
S66425_449,20191019,2
S66425_449,20191026,2
S66425_449,20191102,2
S66425_449,20191109,2
S66425_446,20190818,1
S66425_446,20190824,2
S66425_446,20190831,2
S66425_446,20190907,2
S66425_446,20190914,2
S66425_446,20190921,2
S66425_446,20190928,2
S66425_446,20191005,2
S66425_446,20191012,2
S66425_446,20191019,2
S66425_446,20191026,2
S66425_446,20191102,2
S66425_446,20191109,2
S66425_432,20190821,1
S66425_432,20190824,2
S66425_432,20190831,2
S66425_432,20190907,2
S66425_432,20190914,2
S66425_432,20190921,2
S66425_432,20190928,2
S66425_432,20191005,2
S66425_432,20191012,2
S66425_432,20191019,2
S66425_432,20191026,2
S66425_432,20191102,2
S66425_432,20191109,2
S66425_447,20190819,1
S66425_447,20190824,2
S66425_447,20190831,2
S66425_447,20190907,2
S66425_447,20190914,2
S66425_447,20190921,2
S66425_447,20190928,2
S66425_447,20191005,2
S66425_447,20191012,2
S66425_447,20191019,2
S66425_447,20191026,2
S66425_447,20191102,2
S66425_447,20191109,2
S66425_443,20190824,2
S66425_443,20190831,2
S66425_443,20190907,2
S66425_443,20190914,2
S66425_443,20190921,2
S66425_443,20190928,2
S66425_443,20191005,2
S66425_443,20191012,2
S66425_443,20191019,2
S66425_443,20191026,2
S66425_443,20191102,2
S66425_443,20191109,2
S66425_392,20190831,2
S66425_392,20190907,2
S66425_392,20190914,2
S66425_392,20190921,2
S66425_392,20190928,2
S66425_392,20191005,2
S66425_392,20191012,2
S66425_392,20191019,2
S66425_392,20191026,2
S66425_392,20191102,2
S66425_392,20191109,2
S66425_390,20190824,2
S66425_390,20190831,2
S66425_390,20190907,2
S66425_390,20190914,2
S66425_390,20190921,2
S66425_390,20190928,2
S66425_390,20191005,2
S66425_390,20191012,2
S66425_390,20191019,2
S66425_390,20191026,2
S66425_390,20191102,2
S66425_390,20191109,2
S65848_392,20190817,2
S66426_392,20190831,2
S66426_392,20190907,2
S66426_392,20190914,2
S66426_392,20190921,2
S66426_392,20190928,2
S66426_392,20191005,2
S66426_392,20191012,2
S66426_392,20191019,2
S66426_392,20191026,2
S66426_392,20191102,2
S66426_392,20191109,2
S66426_390,20190824,2
S66426_390,20190831,2
S66426_390,20190907,2
S66426_390,20190914,2
S66426_390,20190921,2
S66426_390,20190928,2
S66426_390,20191005,2
S66426_390,20191012,2
S66426_390,20191019,2
S66426_390,20191026,2
S66426_390,20191102,2
S66426_390,20191109,2
S66427_392,20190831,2
S66427_392,20190907,2
S66427_392,20190914,2
S66427_392,20190921,2
S66427_392,20190928,2
S66427_392,20191005,2
S66427_392,20191012,2
S66427_392,20191019,2
S66427_392,20191026,2
S66427_392,20191102,2
S66427_392,20191109,2
S66427_390,20190824,2
S66427_390,20190831,2
S66427_390,20190907,2
S66427_390,20190914,2
S66427_390,20190921,2
S66427_390,20190928,2
S66427_390,20191005,2
S66427_390,20191012,2
S66427_390,20191019,2
S66427_390,20191026,2
S66427_390,20191102,2
S66427_390,20191109,2
S66290_448,20190817,2
S66290_445,20190817,2
S66290_450,20190817,2
S66290_428,20190817,2
S66474_448,20190819,1
S66474_448,20190824,2
S66474_448,20190831,2
S66474_448,20190907,2
S66474_448,20190914,2
S66474_448,20190921,2
S66474_448,20190928,2
S66474_448,20191005,2
S66474_448,20191012,2
S66474_448,20191019,2
S66474_448,20191026,2
S66474_448,20191102,2
S66474_448,20191109,2
S66474_445,20190818,1
S66474_445,20190824,2
S66474_445,20190831,2
S66474_445,20190907,2
S66474_445,20190914,2
S66474_445,20190921,2
S66474_445,20190928,2
S66474_445,20191005,2
S66474_445,20191012,2
S66474_445,20191019,2
S66474_445,20191026,2
S66474_445,20191102,2
S66474_445,20191109,2
S66474_450,20190820,1
S66474_450,20190822,1
S66474_450,20190824,2
S66474_450,20190831,2
S66474_450,20190907,2
S66474_450,20190914,2
S66474_450,20190921,2
S66474_450,20190928,2
S66474_450,20191005,2
S66474_450,20191012,2
S66474_450,20191019,2
S66474_450,20191026,2
S66474_450,20191102,2
S66474_450,20191109,2
S66474_428,20190821,1
S66474_428,20190824,2
S66474_428,20190831,2
S66474_428,20190907,2
S66474_428,20190914,2
S66474_428,20190921,2
S66474_428,20190928,2
S66474_428,20191005,2
S66474_428,20191012,2
S66474_428,20191019,2
S66474_428,20191026,2
S66474_428,20191102,2
S66474_428,20191109,2
S66291_448,20190817,2
S66291_445,20190817,2
S66291_450,20190817,2
S66291_428,20190817,2
S66476_448,20190819,1
S66476_448,20190824,2
S66476_448,20190831,2
S66476_448,20190907,2
S66476_448,20190914,2
S66476_448,20190921,2
S66476_448,20190928,2
S66476_448,20191005,2
S66476_448,20191012,2
S66476_448,20191019,2
S66476_448,20191026,2
S66476_448,20191102,2
S66476_448,20191109,2
S66476_445,20190818,1
S66476_445,20190824,2
S66476_445,20190831,2
S66476_445,20190907,2
S66476_445,20190914,2
S66476_445,20190921,2
S66476_445,20190928,2
S66476_445,20191005,2
S66476_445,20191012,2
S66476_445,20191019,2
S66476_445,20191026,2
S66476_445,20191102,2
S66476_445,20191109,2
S66476_450,20190820,1
S66476_450,20190822,1
S66476_450,20190824,2
S66476_450,20190831,2
S66476_450,20190907,2
S66476_450,20190914,2
S66476_450,20190921,2
S66476_450,20190928,2
S66476_450,20191005,2
S66476_450,20191012,2
S66476_450,20191019,2
S66476_450,20191026,2
S66476_450,20191102,2
S66476_450,20191109,2
S66476_428,20190821,1
S66476_428,20190824,2
S66476_428,20190831,2
S66476_428,20190907,2
S66476_428,20190914,2
S66476_428,20190921,2
S66476_428,20190928,2
S66476_428,20191005,2
S66476_428,20191012,2
S66476_428,20191019,2
S66476_428,20191026,2
S66476_428,20191102,2
S66476_428,20191109,2
S66292_448,20190817,2
S66292_445,20190817,2
S66292_450,20190817,2
S66292_428,20190817,2
S66477_448,20190819,1
S66477_448,20190824,2
S66477_448,20190831,2
S66477_448,20190907,2
S66477_448,20190914,2
S66477_448,20190921,2
S66477_448,20190928,2
S66477_448,20191005,2
S66477_448,20191012,2
S66477_448,20191019,2
S66477_448,20191026,2
S66477_448,20191102,2
S66477_448,20191109,2
S66477_445,20190818,1
S66477_445,20190824,2
S66477_445,20190831,2
S66477_445,20190907,2
S66477_445,20190914,2
S66477_445,20190921,2
S66477_445,20190928,2
S66477_445,20191005,2
S66477_445,20191012,2
S66477_445,20191019,2
S66477_445,20191026,2
S66477_445,20191102,2
S66477_445,20191109,2
S66477_450,20190820,1
S66477_450,20190822,1
S66477_450,20190824,2
S66477_450,20190831,2
S66477_450,20190907,2
S66477_450,20190914,2
S66477_450,20190921,2
S66477_450,20190928,2
S66477_450,20191005,2
S66477_450,20191012,2
S66477_450,20191019,2
S66477_450,20191026,2
S66477_450,20191102,2
S66477_450,20191109,2
S66477_428,20190821,1
S66477_428,20190824,2
S66477_428,20190831,2
S66477_428,20190907,2
S66477_428,20190914,2
S66477_428,20190921,2
S66477_428,20190928,2
S66477_428,20191005,2
S66477_428,20191012,2
S66477_428,20191019,2
S66477_428,20191026,2
S66477_428,20191102,2
S66477_428,20191109,2
S66297_392,20190817,2
S66466_392,20190831,2
S66466_392,20190907,2
S66466_392,20190914,2
S66466_392,20190921,2
S66466_392,20190928,2
S66466_392,20191005,2
S66466_392,20191012,2
S66466_392,20191019,2
S66466_392,20191026,2
S66466_392,20191102,2
S66466_392,20191109,2
S66466_390,20190824,2
S66466_390,20190831,2
S66466_390,20190907,2
S66466_390,20190914,2
S66466_390,20190921,2
S66466_390,20190928,2
S66466_390,20191005,2
S66466_390,20191012,2
S66466_390,20191019,2
S66466_390,20191026,2
S66466_390,20191102,2
S66466_390,20191109,2
S66298_392,20190817,2
S66467_392,20190831,2
S66467_392,20190907,2
S66467_392,20190914,2
S66467_392,20190921,2
S66467_392,20190928,2
S66467_392,20191005,2
S66467_392,20191012,2
S66467_392,20191019,2
S66467_392,20191026,2
S66467_392,20191102,2
S66467_392,20191109,2
S66467_390,20190824,2
S66467_390,20190831,2
S66467_390,20190907,2
S66467_390,20190914,2
S66467_390,20190921,2
S66467_390,20190928,2
S66467_390,20191005,2
S66467_390,20191012,2
S66467_390,20191019,2
S66467_390,20191026,2
S66467_390,20191102,2
S66467_390,20191109,2
S66287_429,20190813,1
S66287_429,20190814,1
S66287_429,20190815,1
S66287_429,20190817,2
S66287_442,20190812,1
S66287_442,20190817,2
S66491_429,20190824,2
S66491_429,20190831,2
S66491_429,20190907,2
S66491_429,20190914,2
S66491_429,20190921,2
S66491_429,20190928,2
S66491_429,20191005,2
S66491_429,20191012,2
S66491_429,20191019,2
S66491_429,20191026,2
S66491_429,20191102,2
S66491_429,20191109,2
S66491_442,20190824,2
S66491_442,20190831,2
S66491_442,20190907,2
S66491_442,20190914,2
S66491_442,20190921,2
S66491_442,20190928,2
S66491_442,20191005,2
S66491_442,20191012,2
S66491_442,20191019,2
S66491_442,20191026,2
S66491_442,20191102,2
S66491_442,20191109,2
S66288_442,20190812,1
S66288_442,20190817,2
S66288_429,20190813,1
S66288_429,20190814,1
S66288_429,20190815,1
S66288_429,20190817,2
S66492_442,20190824,2
S66492_442,20190831,2
S66492_442,20190907,2
S66492_442,20190914,2
S66492_442,20190921,2
S66492_442,20190928,2
S66492_442,20191005,2
S66492_442,20191012,2
S66492_442,20191019,2
S66492_442,20191026,2
S66492_442,20191102,2
S66492_442,20191109,2
S66492_429,20190824,2
S66492_429,20190831,2
S66492_429,20190907,2
S66492_429,20190914,2
S66492_429,20190921,2
S66492_429,20190928,2
S66492_429,20191005,2
S66492_429,20191012,2
S66492_429,20191019,2
S66492_429,20191026,2
S66492_429,20191102,2
S66492_429,20191109,2
S66289_442,20190812,1
S66289_442,20190817,2
S66289_429,20190813,1
S66289_429,20190814,1
S66289_429,20190815,1
S66289_429,20190817,2
S66493_442,20190824,2
S66493_442,20190831,2
S66493_442,20190907,2
S66493_442,20190914,2
S66493_442,20190921,2
S66493_442,20190928,2
S66493_442,20191005,2
S66493_442,20191012,2
S66493_442,20191019,2
S66493_442,20191026,2
S66493_442,20191102,2
S66493_442,20191109,2
S66493_429,20190824,2
S66493_429,20190831,2
S66493_429,20190907,2
S66493_429,20190914,2
S66493_429,20190921,2
S66493_429,20190928,2
S66493_429,20191005,2
S66493_429,20191012,2
S66493_429,20191019,2
S66493_429,20191026,2
S66493_429,20191102,2
S66493_429,20191109,2
S65889_392,20190817,2
S66447_392,20190831,2
S66447_392,20190907,2
S66447_392,20190914,2
S66447_392,20190921,2
S66447_392,20190928,2
S66447_392,20191005,2
S66447_392,20191012,2
S66447_392,20191019,2
S66447_392,20191026,2
S66447_392,20191102,2
S66447_392,20191109,2
S66447_390,20190824,2
S66447_390,20190831,2
S66447_390,20190907,2
S66447_390,20190914,2
S66447_390,20190921,2
S66447_390,20190928,2
S66447_390,20191005,2
S66447_390,20191012,2
S66447_390,20191019,2
S66447_390,20191026,2
S66447_390,20191102,2
S66447_390,20191109,2
S65890_392,20190817,2
S66448_392,20190831,2
S66448_392,20190907,2
S66448_392,20190914,2
S66448_392,20190921,2
S66448_392,20190928,2
S66448_392,20191005,2
S66448_392,20191012,2
S66448_392,20191019,2
S66448_392,20191026,2
S66448_392,20191102,2
S66448_392,20191109,2
S66448_390,20190824,2
S66448_390,20190831,2
S66448_390,20190907,2
S66448_390,20190914,2
S66448_390,20190921,2
S66448_390,20190928,2
S66448_390,20191005,2
S66448_390,20191012,2
S66448_390,20191019,2
S66448_390,20191026,2
S66448_390,20191102,2
S66448_390,20191109,2
S65891_392,20190817,2
S66449_392,20190831,2
S66449_392,20190907,2
S66449_392,20190914,2
S66449_392,20190921,2
S66449_392,20190928,2
S66449_392,20191005,2
S66449_392,20191012,2
S66449_392,20191019,2
S66449_392,20191026,2
S66449_392,20191102,2
S66449_392,20191109,2
S66449_390,20190824,2
S66449_390,20190831,2
S66449_390,20190907,2
S66449_390,20190914,2
S66449_390,20190921,2
S66449_390,20190928,2
S66449_390,20191005,2
S66449_390,20191012,2
S66449_390,20191019,2
S66449_390,20191026,2
S66449_390,20191102,2
S66449_390,20191109,2
S65892_392,20190817,2
S66450_392,20190831,2
S66450_392,20190907,2
S66450_392,20190914,2
S66450_392,20190921,2
S66450_392,20190928,2
S66450_392,20191005,2
S66450_392,20191012,2
S66450_392,20191019,2
S66450_392,20191026,2
S66450_392,20191102,2
S66450_392,20191109,2
S66450_390,20190824,2
S66450_390,20190831,2
S66450_390,20190907,2
S66450_390,20190914,2
S66450_390,20190921,2
S66450_390,20190928,2
S66450_390,20191005,2
S66450_390,20191012,2
S66450_390,20191019,2
S66450_390,20191026,2
S66450_390,20191102,2
S66450_390,20191109,2
S65893_392,20190817,2
S66451_392,20190831,2
S66451_392,20190907,2
S66451_392,20190914,2
S66451_392,20190921,2
S66451_392,20190928,2
S66451_392,20191005,2
S66451_392,20191012,2
S66451_392,20191019,2
S66451_392,20191026,2
S66451_392,20191102,2
S66451_392,20191109,2
S66451_390,20190824,2
S66451_390,20190831,2
S66451_390,20190907,2
S66451_390,20190914,2
S66451_390,20190921,2
S66451_390,20190928,2
S66451_390,20191005,2
S66451_390,20191012,2
S66451_390,20191019,2
S66451_390,20191026,2
S66451_390,20191102,2
S66451_390,20191109,2
S65894_392,20190817,2
S66452_392,20190831,2
S66452_392,20190907,2
S66452_392,20190914,2
S66452_392,20190921,2
S66452_392,20190928,2
S66452_392,20191005,2
S66452_392,20191012,2
S66452_392,20191019,2
S66452_392,20191026,2
S66452_392,20191102,2
S66452_392,20191109,2
S66452_390,20190824,2
S66452_390,20190831,2
S66452_390,20190907,2
S66452_390,20190914,2
S66452_390,20190921,2
S66452_390,20190928,2
S66452_390,20191005,2
S66452_390,20191012,2
S66452_390,20191019,2
S66452_390,20191026,2
S66452_390,20191102,2
S66452_390,20191109,2
S65895_392,20190817,2
S66453_392,20190831,2
S66453_392,20190907,2
S66453_392,20190914,2
S66453_392,20190921,2
S66453_392,20190928,2
S66453_392,20191005,2
S66453_392,20191012,2
S66453_392,20191019,2
S66453_392,20191026,2
S66453_392,20191102,2
S66453_392,20191109,2
S66453_390,20190824,2
S66453_390,20190831,2
S66453_390,20190907,2
S66453_390,20190914,2
S66453_390,20190921,2
S66453_390,20190928,2
S66453_390,20191005,2
S66453_390,20191012,2
S66453_390,20191019,2
S66453_390,20191026,2
S66453_390,20191102,2
S66453_390,20191109,2
S66126_446,20190817,2
S66126_432,20190817,2
S66126_449,20190817,2
S66126_447,20190817,2
S66126_443,20190812,1
S66126_443,20190813,1
S66126_443,20190814,1
S66126_443,20190815,1
S66126_443,20190817,2
S66126_392,20190817,2
S66409_449,20190820,1
S66409_449,20190822,1
S66409_449,20190824,2
S66409_449,20190831,2
S66409_449,20190907,2
S66409_449,20190914,2
S66409_449,20190921,2
S66409_449,20190928,2
S66409_449,20191005,2
S66409_449,20191012,2
S66409_449,20191019,2
S66409_449,20191026,2
S66409_449,20191102,2
S66409_449,20191109,2
S66409_432,20190821,1
S66409_432,20190824,2
S66409_432,20190831,2
S66409_432,20190907,2
S66409_432,20190914,2
S66409_432,20190921,2
S66409_432,20190928,2
S66409_432,20191005,2
S66409_432,20191012,2
S66409_432,20191019,2
S66409_432,20191026,2
S66409_432,20191102,2
S66409_432,20191109,2
S66409_446,20190818,1
S66409_446,20190824,2
S66409_446,20190831,2
S66409_446,20190907,2
S66409_446,20190914,2
S66409_446,20190921,2
S66409_446,20190928,2
S66409_446,20191005,2
S66409_446,20191012,2
S66409_446,20191019,2
S66409_446,20191026,2
S66409_446,20191102,2
S66409_446,20191109,2
S66409_447,20190819,1
S66409_447,20190824,2
S66409_447,20190831,2
S66409_447,20190907,2
S66409_447,20190914,2
S66409_447,20190921,2
S66409_447,20190928,2
S66409_447,20191005,2
S66409_447,20191012,2
S66409_447,20191019,2
S66409_447,20191026,2
S66409_447,20191102,2
S66409_447,20191109,2
S66409_443,20190824,2
S66409_443,20190831,2
S66409_443,20190907,2
S66409_443,20190914,2
S66409_443,20190921,2
S66409_443,20190928,2
S66409_443,20191005,2
S66409_443,20191012,2
S66409_443,20191019,2
S66409_443,20191026,2
S66409_443,20191102,2
S66409_443,20191109,2
S66409_392,20190831,2
S66409_392,20190907,2
S66409_392,20190914,2
S66409_392,20190921,2
S66409_392,20190928,2
S66409_392,20191005,2
S66409_392,20191012,2
S66409_392,20191019,2
S66409_392,20191026,2
S66409_392,20191102,2
S66409_392,20191109,2
S66409_390,20190824,2
S66409_390,20190831,2
S66409_390,20190907,2
S66409_390,20190914,2
S66409_390,20190921,2
S66409_390,20190928,2
S66409_390,20191005,2
S66409_390,20191012,2
S66409_390,20191019,2
S66409_390,20191026,2
S66409_390,20191102,2
S66409_390,20191109,2
S65878_392,20190817,2
S66410_392,20190831,2
S66410_392,20190907,2
S66410_392,20190914,2
S66410_392,20190921,2
S66410_392,20190928,2
S66410_392,20191005,2
S66410_392,20191012,2
S66410_392,20191019,2
S66410_392,20191026,2
S66410_392,20191102,2
S66410_392,20191109,2
S66410_390,20190824,2
S66410_390,20190831,2
S66410_390,20190907,2
S66410_390,20190914,2
S66410_390,20190921,2
S66410_390,20190928,2
S66410_390,20191005,2
S66410_390,20191012,2
S66410_390,20191019,2
S66410_390,20191026,2
S66410_390,20191102,2
S66410_390,20191109,2
S66355_449,20190817,2
S66355_432,20190817,2
S66355_446,20190817,2
S66355_447,20190817,2
S66355_443,20190812,1
S66355_443,20190813,1
S66355_443,20190814,1
S66355_443,20190815,1
S66355_443,20190817,2
S66355_392,20190817,2
S66411_449,20190820,1
S66411_449,20190822,1
S66411_449,20190824,2
S66411_449,20190831,2
S66411_449,20190907,2
S66411_449,20190914,2
S66411_449,20190921,2
S66411_449,20190928,2
S66411_449,20191005,2
S66411_449,20191012,2
S66411_449,20191019,2
S66411_449,20191026,2
S66411_449,20191102,2
S66411_449,20191109,2
S66411_432,20190821,1
S66411_432,20190824,2
S66411_432,20190831,2
S66411_432,20190907,2
S66411_432,20190914,2
S66411_432,20190921,2
S66411_432,20190928,2
S66411_432,20191005,2
S66411_432,20191012,2
S66411_432,20191019,2
S66411_432,20191026,2
S66411_432,20191102,2
S66411_432,20191109,2
S66411_446,20190818,1
S66411_446,20190824,2
S66411_446,20190831,2
S66411_446,20190907,2
S66411_446,20190914,2
S66411_446,20190921,2
S66411_446,20190928,2
S66411_446,20191005,2
S66411_446,20191012,2
S66411_446,20191019,2
S66411_446,20191026,2
S66411_446,20191102,2
S66411_446,20191109,2
S66411_447,20190819,1
S66411_447,20190824,2
S66411_447,20190831,2
S66411_447,20190907,2
S66411_447,20190914,2
S66411_447,20190921,2
S66411_447,20190928,2
S66411_447,20191005,2
S66411_447,20191012,2
S66411_447,20191019,2
S66411_447,20191026,2
S66411_447,20191102,2
S66411_447,20191109,2
S66411_443,20190824,2
S66411_443,20190831,2
S66411_443,20190907,2
S66411_443,20190914,2
S66411_443,20190921,2
S66411_443,20190928,2
S66411_443,20191005,2
S66411_443,20191012,2
S66411_443,20191019,2
S66411_443,20191026,2
S66411_443,20191102,2
S66411_443,20191109,2
S66411_392,20190831,2
S66411_392,20190907,2
S66411_392,20190914,2
S66411_392,20190921,2
S66411_392,20190928,2
S66411_392,20191005,2
S66411_392,20191012,2
S66411_392,20191019,2
S66411_392,20191026,2
S66411_392,20191102,2
S66411_392,20191109,2
S66411_390,20190824,2
S66411_390,20190831,2
S66411_390,20190907,2
S66411_390,20190914,2
S66411_390,20190921,2
S66411_390,20190928,2
S66411_390,20191005,2
S66411_390,20191012,2
S66411_390,20191019,2
S66411_390,20191026,2
S66411_390,20191102,2
S66411_390,20191109,2
S66411_133,20190818,2
S66411_133,20190901,2
S66411_133,20190908,2
S66411_133,20190915,2
S66411_133,20190922,2
S66411_133,20190929,2
S66411_133,20191006,2
S66411_133,20191013,2
S66411_133,20191020,2
S66411_133,20191027,2
S66411_133,20191103,2
S66411_133,20191110,2
S65881_392,20190817,2
S66412_392,20190831,2
S66412_392,20190907,2
S66412_392,20190914,2
S66412_392,20190921,2
S66412_392,20190928,2
S66412_392,20191005,2
S66412_392,20191012,2
S66412_392,20191019,2
S66412_392,20191026,2
S66412_392,20191102,2
S66412_392,20191109,2
S66412_390,20190824,2
S66412_390,20190831,2
S66412_390,20190907,2
S66412_390,20190914,2
S66412_390,20190921,2
S66412_390,20190928,2
S66412_390,20191005,2
S66412_390,20191012,2
S66412_390,20191019,2
S66412_390,20191026,2
S66412_390,20191102,2
S66412_390,20191109,2
S66129_449,20190817,2
S66129_432,20190817,2
S66129_447,20190817,2
S66129_443,20190812,1
S66129_443,20190813,1
S66129_443,20190814,1
S66129_443,20190815,1
S66129_443,20190817,2
S66129_392,20190817,2
S66413_449,20190820,1
S66413_449,20190822,1
S66413_449,20190824,2
S66413_449,20190831,2
S66413_449,20190907,2
S66413_449,20190914,2
S66413_449,20190921,2
S66413_449,20190928,2
S66413_449,20191005,2
S66413_449,20191012,2
S66413_449,20191019,2
S66413_449,20191026,2
S66413_449,20191102,2
S66413_449,20191109,2
S66413_432,20190821,1
S66413_432,20190824,2
S66413_432,20190831,2
S66413_432,20190907,2
S66413_432,20190914,2
S66413_432,20190921,2
S66413_432,20190928,2
S66413_432,20191005,2
S66413_432,20191012,2
S66413_432,20191019,2
S66413_432,20191026,2
S66413_432,20191102,2
S66413_432,20191109,2
S66413_447,20190819,1
S66413_447,20190824,2
S66413_447,20190831,2
S66413_447,20190907,2
S66413_447,20190914,2
S66413_447,20190921,2
S66413_447,20190928,2
S66413_447,20191005,2
S66413_447,20191012,2
S66413_447,20191019,2
S66413_447,20191026,2
S66413_447,20191102,2
S66413_447,20191109,2
S66413_443,20190824,2
S66413_443,20190831,2
S66413_443,20190907,2
S66413_443,20190914,2
S66413_443,20190921,2
S66413_443,20190928,2
S66413_443,20191005,2
S66413_443,20191012,2
S66413_443,20191019,2
S66413_443,20191026,2
S66413_443,20191102,2
S66413_443,20191109,2
S66413_392,20190831,2
S66413_392,20190907,2
S66413_392,20190914,2
S66413_392,20190921,2
S66413_392,20190928,2
S66413_392,20191005,2
S66413_392,20191012,2
S66413_392,20191019,2
S66413_392,20191026,2
S66413_392,20191102,2
S66413_392,20191109,2
S66413_390,20190824,2
S66413_390,20190831,2
S66413_390,20190907,2
S66413_390,20190914,2
S66413_390,20190921,2
S66413_390,20190928,2
S66413_390,20191005,2
S66413_390,20191012,2
S66413_390,20191019,2
S66413_390,20191026,2
S66413_390,20191102,2
S66413_390,20191109,2
S66428_392,20190831,2
S66428_392,20190907,2
S66428_392,20190914,2
S66428_392,20190921,2
S66428_392,20190928,2
S66428_392,20191005,2
S66428_392,20191012,2
S66428_392,20191019,2
S66428_392,20191026,2
S66428_392,20191102,2
S66428_392,20191109,2
S66428_390,20190824,2
S66428_390,20190831,2
S66428_390,20190907,2
S66428_390,20190914,2
S66428_390,20190921,2
S66428_390,20190928,2
S66428_390,20191005,2
S66428_390,20191012,2
S66428_390,20191019,2
S66428_390,20191026,2
S66428_390,20191102,2
S66428_390,20191109,2
S65852_392,20190817,2
S66429_392,20190831,2
S66429_392,20190907,2
S66429_392,20190914,2
S66429_392,20190921,2
S66429_392,20190928,2
S66429_392,20191005,2
S66429_392,20191012,2
S66429_392,20191019,2
S66429_392,20191026,2
S66429_392,20191102,2
S66429_392,20191109,2
S66429_390,20190824,2
S66429_390,20190831,2
S66429_390,20190907,2
S66429_390,20190914,2
S66429_390,20190921,2
S66429_390,20190928,2
S66429_390,20191005,2
S66429_390,20191012,2
S66429_390,20191019,2
S66429_390,20191026,2
S66429_390,20191102,2
S66429_390,20191109,2
S65853_392,20190817,2
S66430_392,20190831,2
S66430_392,20190907,2
S66430_392,20190914,2
S66430_392,20190921,2
S66430_392,20190928,2
S66430_392,20191005,2
S66430_392,20191012,2
S66430_392,20191019,2
S66430_392,20191026,2
S66430_392,20191102,2
S66430_392,20191109,2
S66430_390,20190824,2
S66430_390,20190831,2
S66430_390,20190907,2
S66430_390,20190914,2
S66430_390,20190921,2
S66430_390,20190928,2
S66430_390,20191005,2
S66430_390,20191012,2
S66430_390,20191019,2
S66430_390,20191026,2
S66430_390,20191102,2
S66430_390,20191109,2
S65854_392,20190817,2
S66431_392,20190831,2
S66431_392,20190907,2
S66431_392,20190914,2
S66431_392,20190921,2
S66431_392,20190928,2
S66431_392,20191005,2
S66431_392,20191012,2
S66431_392,20191019,2
S66431_392,20191026,2
S66431_392,20191102,2
S66431_392,20191109,2
S66431_390,20190824,2
S66431_390,20190831,2
S66431_390,20190907,2
S66431_390,20190914,2
S66431_390,20190921,2
S66431_390,20190928,2
S66431_390,20191005,2
S66431_390,20191012,2
S66431_390,20191019,2
S66431_390,20191026,2
S66431_390,20191102,2
S66431_390,20191109,2
S65855_392,20190817,2
S66432_392,20190831,2
S66432_392,20190907,2
S66432_392,20190914,2
S66432_392,20190921,2
S66432_392,20190928,2
S66432_392,20191005,2
S66432_392,20191012,2
S66432_392,20191019,2
S66432_392,20191026,2
S66432_392,20191102,2
S66432_392,20191109,2
S66432_390,20190824,2
S66432_390,20190831,2
S66432_390,20190907,2
S66432_390,20190914,2
S66432_390,20190921,2
S66432_390,20190928,2
S66432_390,20191005,2
S66432_390,20191012,2
S66432_390,20191019,2
S66432_390,20191026,2
S66432_390,20191102,2
S66432_390,20191109,2
S65856_392,20190817,2
S66433_392,20190831,2
S66433_392,20190907,2
S66433_392,20190914,2
S66433_392,20190921,2
S66433_392,20190928,2
S66433_392,20191005,2
S66433_392,20191012,2
S66433_392,20191019,2
S66433_392,20191026,2
S66433_392,20191102,2
S66433_392,20191109,2
S66433_390,20190824,2
S66433_390,20190831,2
S66433_390,20190907,2
S66433_390,20190914,2
S66433_390,20190921,2
S66433_390,20190928,2
S66433_390,20191005,2
S66433_390,20191012,2
S66433_390,20191019,2
S66433_390,20191026,2
S66433_390,20191102,2
S66433_390,20191109,2
S65857_392,20190817,2
S66434_392,20190831,2
S66434_392,20190907,2
S66434_392,20190914,2
S66434_392,20190921,2
S66434_392,20190928,2
S66434_392,20191005,2
S66434_392,20191012,2
S66434_392,20191019,2
S66434_392,20191026,2
S66434_392,20191102,2
S66434_392,20191109,2
S66434_390,20190824,2
S66434_390,20190831,2
S66434_390,20190907,2
S66434_390,20190914,2
S66434_390,20190921,2
S66434_390,20190928,2
S66434_390,20191005,2
S66434_390,20191012,2
S66434_390,20191019,2
S66434_390,20191026,2
S66434_390,20191102,2
S66434_390,20191109,2
S65858_392,20190817,2
S66435_392,20190831,2
S66435_392,20190907,2
S66435_392,20190914,2
S66435_392,20190921,2
S66435_392,20190928,2
S66435_392,20191005,2
S66435_392,20191012,2
S66435_392,20191019,2
S66435_392,20191026,2
S66435_392,20191102,2
S66435_392,20191109,2
S66435_390,20190824,2
S66435_390,20190831,2
S66435_390,20190907,2
S66435_390,20190914,2
S66435_390,20190921,2
S66435_390,20190928,2
S66435_390,20191005,2
S66435_390,20191012,2
S66435_390,20191019,2
S66435_390,20191026,2
S66435_390,20191102,2
S66435_390,20191109,2
S65859_392,20190817,2
S66436_392,20190831,2
S66436_392,20190907,2
S66436_392,20190914,2
S66436_392,20190921,2
S66436_392,20190928,2
S66436_392,20191005,2
S66436_392,20191012,2
S66436_392,20191019,2
S66436_392,20191026,2
S66436_392,20191102,2
S66436_392,20191109,2
S66436_390,20190824,2
S66436_390,20190831,2
S66436_390,20190907,2
S66436_390,20190914,2
S66436_390,20190921,2
S66436_390,20190928,2
S66436_390,20191005,2
S66436_390,20191012,2
S66436_390,20191019,2
S66436_390,20191026,2
S66436_390,20191102,2
S66436_390,20191109,2
S66353_392,20190817,2
S66437_392,20190831,2
S66437_392,20190907,2
S66437_392,20190914,2
S66437_392,20190921,2
S66437_392,20190928,2
S66437_392,20191005,2
S66437_392,20191012,2
S66437_392,20191019,2
S66437_392,20191026,2
S66437_392,20191102,2
S66437_392,20191109,2
S66437_390,20190824,2
S66437_390,20190831,2
S66437_390,20190907,2
S66437_390,20190914,2
S66437_390,20190921,2
S66437_390,20190928,2
S66437_390,20191005,2
S66437_390,20191012,2
S66437_390,20191019,2
S66437_390,20191026,2
S66437_390,20191102,2
S66437_390,20191109,2
S66437_133,20190818,2
S66437_133,20190901,2
S66437_133,20190908,2
S66437_133,20190915,2
S66437_133,20190922,2
S66437_133,20190929,2
S66437_133,20191006,2
S66437_133,20191013,2
S66437_133,20191020,2
S66437_133,20191027,2
S66437_133,20191103,2
S66437_133,20191110,2
S65861_392,20190817,2
S66438_392,20190831,2
S66438_392,20190907,2
S66438_392,20190914,2
S66438_392,20190921,2
S66438_392,20190928,2
S66438_392,20191005,2
S66438_392,20191012,2
S66438_392,20191019,2
S66438_392,20191026,2
S66438_392,20191102,2
S66438_392,20191109,2
S66438_390,20190824,2
S66438_390,20190831,2
S66438_390,20190907,2
S66438_390,20190914,2
S66438_390,20190921,2
S66438_390,20190928,2
S66438_390,20191005,2
S66438_390,20191012,2
S66438_390,20191019,2
S66438_390,20191026,2
S66438_390,20191102,2
S66438_390,20191109,2
S66360_392,20190817,2
S66439_392,20190831,2
S66439_392,20190907,2
S66439_392,20190914,2
S66439_392,20190921,2
S66439_392,20190928,2
S66439_392,20191005,2
S66439_392,20191012,2
S66439_392,20191019,2
S66439_392,20191026,2
S66439_392,20191102,2
S66439_392,20191109,2
S66439_390,20190824,2
S66439_390,20190831,2
S66439_390,20190907,2
S66439_390,20190914,2
S66439_390,20190921,2
S66439_390,20190928,2
S66439_390,20191005,2
S66439_390,20191012,2
S66439_390,20191019,2
S66439_390,20191026,2
S66439_390,20191102,2
S66439_390,20191109,2
S66439_133,20190818,2
S66439_133,20190901,2
S66439_133,20190908,2
S66439_133,20190915,2
S66439_133,20190922,2
S66439_133,20190929,2
S66439_133,20191006,2
S66439_133,20191013,2
S66439_133,20191020,2
S66439_133,20191027,2
S66439_133,20191103,2
S66439_133,20191110,2
S65863_392,20190817,2
S66440_392,20190831,2
S66440_392,20190907,2
S66440_392,20190914,2
S66440_392,20190921,2
S66440_392,20190928,2
S66440_392,20191005,2
S66440_392,20191012,2
S66440_392,20191019,2
S66440_392,20191026,2
S66440_392,20191102,2
S66440_392,20191109,2
S66440_390,20190824,2
S66440_390,20190831,2
S66440_390,20190907,2
S66440_390,20190914,2
S66440_390,20190921,2
S66440_390,20190928,2
S66440_390,20191005,2
S66440_390,20191012,2
S66440_390,20191019,2
S66440_390,20191026,2
S66440_390,20191102,2
S66440_390,20191109,2
S65864_392,20190817,2
S66441_392,20190831,2
S66441_392,20190907,2
S66441_392,20190914,2
S66441_392,20190921,2
S66441_392,20190928,2
S66441_392,20191005,2
S66441_392,20191012,2
S66441_392,20191019,2
S66441_392,20191026,2
S66441_392,20191102,2
S66441_392,20191109,2
S66441_390,20190824,2
S66441_390,20190831,2
S66441_390,20190907,2
S66441_390,20190914,2
S66441_390,20190921,2
S66441_390,20190928,2
S66441_390,20191005,2
S66441_390,20191012,2
S66441_390,20191019,2
S66441_390,20191026,2
S66441_390,20191102,2
S66441_390,20191109,2
S65865_392,20190817,2
S66442_392,20190831,2
S66442_392,20190907,2
S66442_392,20190914,2
S66442_392,20190921,2
S66442_392,20190928,2
S66442_392,20191005,2
S66442_392,20191012,2
S66442_392,20191019,2
S66442_392,20191026,2
S66442_392,20191102,2
S66442_392,20191109,2
S66442_390,20190824,2
S66442_390,20190831,2
S66442_390,20190907,2
S66442_390,20190914,2
S66442_390,20190921,2
S66442_390,20190928,2
S66442_390,20191005,2
S66442_390,20191012,2
S66442_390,20191019,2
S66442_390,20191026,2
S66442_390,20191102,2
S66442_390,20191109,2
S65866_392,20190817,2
S66443_392,20190831,2
S66443_392,20190907,2
S66443_392,20190914,2
S66443_392,20190921,2
S66443_392,20190928,2
S66443_392,20191005,2
S66443_392,20191012,2
S66443_392,20191019,2
S66443_392,20191026,2
S66443_392,20191102,2
S66443_392,20191109,2
S66443_390,20190824,2
S66443_390,20190831,2
S66443_390,20190907,2
S66443_390,20190914,2
S66443_390,20190921,2
S66443_390,20190928,2
S66443_390,20191005,2
S66443_390,20191012,2
S66443_390,20191019,2
S66443_390,20191026,2
S66443_390,20191102,2
S66443_390,20191109,2
S66444_392,20190831,2
S66444_392,20190907,2
S66444_392,20190914,2
S66444_392,20190921,2
S66444_392,20190928,2
S66444_392,20191005,2
S66444_392,20191012,2
S66444_392,20191019,2
S66444_392,20191026,2
S66444_392,20191102,2
S66444_392,20191109,2
S66444_390,20190824,2
S66444_390,20190831,2
S66444_390,20190907,2
S66444_390,20190914,2
S66444_390,20190921,2
S66444_390,20190928,2
S66444_390,20191005,2
S66444_390,20191012,2
S66444_390,20191019,2
S66444_390,20191026,2
S66444_390,20191102,2
S66444_390,20191109,2
S65868_392,20190817,2
S66445_392,20190831,2
S66445_392,20190907,2
S66445_392,20190914,2
S66445_392,20190921,2
S66445_392,20190928,2
S66445_392,20191005,2
S66445_392,20191012,2
S66445_392,20191019,2
S66445_392,20191026,2
S66445_392,20191102,2
S66445_392,20191109,2
S66445_390,20190824,2
S66445_390,20190831,2
S66445_390,20190907,2
S66445_390,20190914,2
S66445_390,20190921,2
S66445_390,20190928,2
S66445_390,20191005,2
S66445_390,20191012,2
S66445_390,20191019,2
S66445_390,20191026,2
S66445_390,20191102,2
S66445_390,20191109,2
S65869_392,20190817,2
S66446_392,20190831,2
S66446_392,20190907,2
S66446_392,20190914,2
S66446_392,20190921,2
S66446_392,20190928,2
S66446_392,20191005,2
S66446_392,20191012,2
S66446_392,20191019,2
S66446_392,20191026,2
S66446_392,20191102,2
S66446_392,20191109,2
S66446_390,20190824,2
S66446_390,20190831,2
S66446_390,20190907,2
S66446_390,20190914,2
S66446_390,20190921,2
S66446_390,20190928,2
S66446_390,20191005,2
S66446_390,20191012,2
S66446_390,20191019,2
S66446_390,20191026,2
S66446_390,20191102,2
S66446_390,20191109,2
S65901_392,20190817,2
S66454_392,20190831,2
S66454_392,20190907,2
S66454_392,20190914,2
S66454_392,20190921,2
S66454_392,20190928,2
S66454_392,20191005,2
S66454_392,20191012,2
S66454_392,20191019,2
S66454_392,20191026,2
S66454_392,20191102,2
S66454_392,20191109,2
S66454_390,20190824,2
S66454_390,20190831,2
S66454_390,20190907,2
S66454_390,20190914,2
S66454_390,20190921,2
S66454_390,20190928,2
S66454_390,20191005,2
S66454_390,20191012,2
S66454_390,20191019,2
S66454_390,20191026,2
S66454_390,20191102,2
S66454_390,20191109,2
S66358_392,20190817,2
S66455_392,20190831,2
S66455_392,20190907,2
S66455_392,20190914,2
S66455_392,20190921,2
S66455_392,20190928,2
S66455_392,20191005,2
S66455_392,20191012,2
S66455_392,20191019,2
S66455_392,20191026,2
S66455_392,20191102,2
S66455_392,20191109,2
S66455_390,20190824,2
S66455_390,20190831,2
S66455_390,20190907,2
S66455_390,20190914,2
S66455_390,20190921,2
S66455_390,20190928,2
S66455_390,20191005,2
S66455_390,20191012,2
S66455_390,20191019,2
S66455_390,20191026,2
S66455_390,20191102,2
S66455_390,20191109,2
S66455_133,20190818,2
S66455_133,20190901,2
S66455_133,20190908,2
S66455_133,20190915,2
S66455_133,20190922,2
S66455_133,20190929,2
S66455_133,20191006,2
S66455_133,20191013,2
S66455_133,20191020,2
S66455_133,20191027,2
S66455_133,20191103,2
S66455_133,20191110,2
S65904_392,20190817,2
S66456_392,20190831,2
S66456_392,20190907,2
S66456_392,20190914,2
S66456_392,20190921,2
S66456_392,20190928,2
S66456_392,20191005,2
S66456_392,20191012,2
S66456_392,20191019,2
S66456_392,20191026,2
S66456_392,20191102,2
S66456_392,20191109,2
S66456_390,20190824,2
S66456_390,20190831,2
S66456_390,20190907,2
S66456_390,20190914,2
S66456_390,20190921,2
S66456_390,20190928,2
S66456_390,20191005,2
S66456_390,20191012,2
S66456_390,20191019,2
S66456_390,20191026,2
S66456_390,20191102,2
S66456_390,20191109,2
S65845_392,20190817,2
T1447781,20190825,2
T1447781,20190930,1
T1447782,20190825,2
T1447782,20190930,1
T1447783,20190825,2
T1447783,20190930,1
T1447784,20190825,2
T1447784,20190930,1
T1447785,20190825,2
T1447785,20190930,1
T1447786,20190825,2
T1447786,20190930,1
T1447787,20190825,2
T1447787,20190930,1
T1447788,20190825,2
T1447788,20190930,1
T1447789,20190825,2
T1447789,20190930,1
T1447790,20190825,2
T1447790,20190930,1
T1447791,20190825,2
T1447791,20190930,1
T1447792,20190825,2
T1447792,20190930,1
T1447793,20190825,2
T1447793,20190930,1
T1447794,20190825,2
T1447794,20190930,1
T1448049,20190825,2
T1448049,20190930,1
T1448050,20190825,2
T1448050,20190930,1
T1448051,20190825,2
T1448051,20190930,1
T1448052,20190825,2
T1448052,20190930,1
T1448053,20190825,2
T1448053,20190930,1
T1448054,20190825,2
T1448054,20190930,1
T1448055,20190825,2
T1448055,20190930,1
T1448056,20190825,2
T1448056,20190930,1
T1448057,20190825,2
T1448057,20190930,1
T1448058,20190825,2
T1448058,20190930,1
T1448059,20190825,2
T1448059,20190930,1
T1448060,20190825,2
T1448060,20190930,1
T1448061,20190825,2
T1448061,20190930,1
T1448062,20190825,2
T1448062,20190930,1
T1757946,20190825,2
T1757946,20190930,1
T1757971,20190825,2
T1757971,20190930,1
T1758002,20190825,2
T1758002,20190930,1
T1758010,20190825,2
T1758010,20190930,1
T1758051,20190825,2
T1758051,20190930,1
T1758052,20190825,2
T1758052,20190930,1
T1758053,20190825,2
T1758053,20190930,1
T1758054,20190825,2
T1758054,20190930,1
T1758120,20190825,2
T1758120,20190930,1
T1758121,20190825,2
T1758121,20190930,1
T1758142,20190825,2
T1758142,20190930,1
T1758170,20190825,2
T1758170,20190930,1
T1758190,20190825,2
T1758190,20190930,1
T1758219,20190825,2
T1758219,20190930,1
T1758221,20190825,2
T1758221,20190930,1
T1758222,20190825,2
T1758222,20190930,1
T1758223,20190825,2
T1758223,20190930,1
T1758235,20190825,2
T1758235,20190930,1
T1758239,20190825,2
T1758239,20190930,1
T1758240,20190825,2
T1758240,20190930,1
T1758274,20190825,2
T1758274,20190930,1
T1758333,20190825,2
T1758333,20190930,1
T1758341,20190825,2
T1758341,20190930,1
T1758366,20190825,2
T1758366,20190930,1
T1759045,20190825,2
T1759045,20190930,1
T1759046,20190825,2
T1759046,20190930,1
T1759102,20190825,2
T1759102,20190930,1
T1759103,20190825,2
T1759103,20190930,1
T1759268,20190825,2
T1759268,20190930,1
T1759274,20190825,2
T1759274,20190930,1
T1759322,20190825,2
T1759322,20190930,1
T1759325,20190825,2
T1759325,20190930,1
T1759358,20190825,2
T1759358,20190930,1
T1834750,20190825,2
T1834750,20190930,1
T1834751,20190825,2
T1834751,20190930,1
T1834752,20190825,2
T1834752,20190930,1
T1834753,20190825,2
T1834753,20190930,1
T1834824,20190825,2
T1834824,20190930,1
T1834825,20190825,2
T1834825,20190930,1
T1834826,20190825,2
T1834826,20190930,1
T1834827,20190825,2
T1834827,20190930,1
T1835718,20190825,2
T1835718,20190930,1
T1835735,20190825,2
T1835735,20190930,1
T1835764,20190825,2
T1835764,20190930,1
T1835791,20190825,2
T1835791,20190930,1
T1835792,20190825,2
T1835792,20190930,1
T1835793,20190825,2
T1835793,20190930,1
T1835795,20190825,2
T1835795,20190930,1
T1835796,20190825,2
T1835796,20190930,1
T1835797,20190825,2
T1835797,20190930,1
T1835832,20190825,2
T1835832,20190930,1
T1835856,20190825,2
T1835856,20190930,1
T1835858,20190825,2
T1835858,20190930,1
T1835860,20190825,2
T1835860,20190930,1
T1835862,20190825,2
T1835862,20190930,1
T1835878,20190825,2
T1835878,20190930,1
T1835958,20190825,2
T1835958,20190930,1
T1835959,20190825,2
T1835959,20190930,1
T1835960,20190825,2
T1835960,20190930,1
T1835981,20190825,2
T1835981,20190930,1
T1836004,20190825,2
T1836004,20190930,1
T1836007,20190825,2
T1836007,20190930,1
T1836010,20190825,2
T1836010,20190930,1
T1836085,20190825,2
T1836085,20190930,1
T1836088,20190825,2
T1836088,20190930,1
T1836091,20190825,2
T1836091,20190930,1
T1836094,20190825,2
T1836094,20190930,1
T1836097,20190825,2
T1836097,20190930,1
T1844039,20190825,2
T1844039,20190930,1
T1844040,20190825,2
T1844040,20190930,1
T1844041,20190825,2
T1844041,20190930,1
T1844097,20190825,2
T1844097,20190930,1
T1844098,20190825,2
T1844098,20190930,1
T1844140,20190825,2
T1844140,20190930,1
T1844157,20190825,2
T1844157,20190930,1
T1844158,20190825,2
T1844158,20190930,1
T1844159,20190825,2
T1844159,20190930,1
T1844160,20190825,2
T1844160,20190930,1
T1844265,20190825,2
T1844265,20190930,1
T1844266,20190825,2
T1844266,20190930,1
T1844267,20190825,2
T1844267,20190930,1
T1844268,20190825,2
T1844268,20190930,1
T1878984,20190825,2
T1878984,20190930,1
T1878985,20190825,2
T1878985,20190930,1
T1878987,20190825,2
T1878987,20190930,1
T1881182,20190825,2
T1881182,20190930,1
T2018950,20190825,2
T2018950,20190930,1
T2018951,20190825,2
T2018951,20190930,1
T2018952,20190825,2
T2018952,20190930,1
T2018953,20190825,2
T2018953,20190930,1
T2018954,20190825,2
T2018954,20190930,1
T2018955,20190825,2
T2018955,20190930,1
T2018966,20190825,2
T2018966,20190930,1
T2018967,20190825,2
T2018967,20190930,1
T2018968,20190825,2
T2018968,20190930,1
T2018969,20190825,2
T2018969,20190930,1
T2018970,20190825,2
T2018970,20190930,1
T2018971,20190825,2
T2018971,20190930,1
T2018972,20190825,2
T2018972,20190930,1
T2018973,20190825,2
T2018973,20190930,1
T2019047,20190825,2
T2019047,20190930,1
T2019048,20190825,2
T2019048,20190930,1
T2019049,20190825,2
T2019049,20190930,1
T2019050,20190825,2
T2019050,20190930,1
T2019051,20190825,2
T2019051,20190930,1
T2019052,20190825,2
T2019052,20190930,1
T2019053,20190825,2
T2019053,20190930,1
T2019054,20190825,2
T2019054,20190930,1
T2019055,20190825,2
T2019055,20190930,1
T2019056,20190825,2
T2019056,20190930,1
T2019057,20190825,2
T2019057,20190930,1
T2019130,20190825,2
T2019130,20190930,1
T2019131,20190825,2
T2019131,20190930,1
T2019132,20190825,2
T2019132,20190930,1
T2019133,20190825,2
T2019133,20190930,1
T2019134,20190825,2
T2019134,20190930,1
T2019135,20190825,2
T2019135,20190930,1
T2019237,20190825,2
T2019237,20190930,1
T2019238,20190825,2
T2019238,20190930,1
T2019239,20190825,2
T2019239,20190930,1
T2019240,20190825,2
T2019240,20190930,1
T2019241,20190825,2
T2019241,20190930,1
T2019242,20190825,2
T2019242,20190930,1
T2019243,20190825,2
T2019243,20190930,1
T2019309,20190825,2
T2019309,20190930,1
T2019310,20190825,2
T2019310,20190930,1
T2019312,20190825,2
T2019312,20190930,1
T2019315,20190825,2
T2019315,20190930,1
T2019316,20190825,2
T2019316,20190930,1
T2019317,20190825,2
T2019317,20190930,1
T2019358,20190825,2
T2019358,20190930,1
T2019359,20190825,2
T2019359,20190930,1
T2019360,20190825,2
T2019360,20190930,1
T2019412,20190825,2
T2019412,20190930,1
T2019413,20190825,2
T2019413,20190930,1
T2019414,20190825,2
T2019414,20190930,1
T2019415,20190825,2
T2019415,20190930,1
T2019416,20190825,2
T2019416,20190930,1
T2019417,20190825,2
T2019417,20190930,1
