service_id,monday,tuesday,wednesday,thursday,friday,saturday,sunday,start_date,end_date
1,0,0,0,0,0,0,1,20180712,20181010
8,1,1,1,1,1,0,0,20180712,20181010
10,0,0,0,0,1,0,0,20180712,20181010
13,1,1,1,1,1,0,0,20180712,20181010
14,0,0,0,0,0,1,0,20180712,20181010
15,1,1,1,1,1,0,0,20180712,20181010
19,0,0,1,0,0,0,0,20180712,20181010
20,0,0,0,0,0,0,1,20180712,20181010
21,0,0,0,0,0,0,1,20180712,20181010
25,0,0,0,1,0,0,0,20180712,20181010
28,1,1,1,1,1,0,0,20180712,20181010
29,1,1,1,1,1,0,0,20180712,20181010
32,1,1,1,1,1,0,0,20180712,20181010
33,0,0,0,0,0,1,1,20180712,20181010
34,0,1,0,0,0,0,0,20180712,20181010
35,0,0,0,1,0,0,0,20180712,20181010
36,0,0,0,0,1,0,0,20180712,20181010
37,1,0,0,0,0,0,0,20180712,20181010
38,1,1,1,1,0,0,0,20180712,20181010
39,0,1,1,1,1,0,0,20180712,20181010
40,1,1,1,0,1,0,0,20180712,20181010
41,1,0,1,1,1,0,0,20180712,20181010
42,1,1,0,1,1,0,0,20180712,20181010
46,1,0,1,1,1,0,0,20180712,20181010
47,1,1,0,1,1,0,0,20180712,20181010
49,0,0,0,0,0,1,0,20180712,20181010
53,1,1,1,0,0,0,0,20180712,20181010
54,1,1,1,1,1,0,0,20180712,20181010
55,1,1,1,1,1,0,0,20180712,20181010
56,0,0,0,0,0,1,0,20180712,20181010
57,0,0,0,0,0,0,1,20180712,20181010
60,1,1,1,1,0,0,0,20180712,20181010
61,1,0,1,0,1,0,0,20180712,20181010
62,0,1,0,1,0,0,0,20180712,20181010
71,1,0,0,0,0,0,0,20180712,20181010
72,0,1,0,0,0,0,0,20180712,20181010
73,0,0,1,0,0,0,0,20180712,20181010
80,1,0,0,0,1,0,0,20180712,20181010
82,0,0,0,0,0,0,1,20180712,20181010
83,0,0,0,0,0,1,0,20180712,20181010
84,1,1,1,1,1,0,0,20180712,20181010
127,0,0,0,0,0,1,0,20180712,20181010
128,0,0,0,0,0,0,1,20180712,20181010
133,0,0,0,0,0,0,1,20180712,20181010
134,1,0,0,0,0,0,0,20180712,20181010
143,1,1,1,1,0,0,0,20180712,20181010
164,0,0,0,0,0,1,0,20180712,20181010
165,0,0,0,0,0,0,1,20180712,20181010
180,1,1,1,1,1,0,0,20180712,20181010
183,0,0,0,0,0,1,1,20180712,20181010
184,0,0,0,0,0,0,1,20180712,20181010
197,0,0,0,0,1,0,0,20180712,20181010
202,0,0,0,0,0,0,0,20180712,20181010
203,0,0,0,0,0,0,0,20180712,20181010
204,0,0,0,0,0,0,0,20180712,20181010
205,0,0,0,0,0,0,0,20180712,20181010
206,0,0,0,0,0,0,0,20180712,20181010
207,0,0,0,0,0,0,0,20180712,20181010
208,0,0,0,0,0,0,0,20180712,20181010
209,0,0,0,0,0,0,0,20180712,20181010
210,0,0,0,0,0,0,0,20180712,20181010
211,0,0,0,0,0,0,0,20180712,20181010
212,0,0,0,0,0,0,0,20180712,20181010
213,0,0,0,0,0,0,0,20180712,20181010
214,0,0,0,0,0,0,0,20180712,20181010
215,0,0,0,0,0,0,0,20180712,20181010
216,0,0,0,0,0,0,0,20180712,20181010
217,0,0,0,0,0,0,0,20180712,20181010
218,0,0,0,0,0,0,0,20180712,20181010
219,0,0,0,0,0,0,0,20180712,20181010
220,0,0,0,0,0,0,0,20180712,20181010
221,0,0,0,0,0,0,0,20180712,20181010
223,0,0,0,0,0,0,0,20180712,20181010
224,0,0,0,0,0,0,0,20180712,20181010
225,0,0,0,0,0,0,0,20180712,20181010
226,0,0,0,0,0,0,0,20180712,20181010
227,0,0,0,0,0,0,0,20180712,20181010
228,0,0,0,0,0,0,0,20180712,20181010
229,0,0,0,0,0,0,0,20180712,20181010
230,0,0,0,0,0,0,0,20180712,20181010
231,0,0,0,0,0,0,0,20180712,20181010
232,0,0,0,0,0,0,0,20180712,20181010
233,0,0,0,0,0,0,0,20180712,20181010
234,0,0,0,0,0,0,0,20180712,20181010
237,0,0,0,0,0,0,0,20180712,20181010
238,0,0,0,0,0,0,0,20180712,20181010
239,0,0,0,0,0,0,0,20180712,20181010
240,0,0,0,0,0,0,0,20180712,20181010
241,0,0,0,0,0,0,0,20180712,20181010
242,0,0,0,0,0,0,0,20180712,20181010
243,0,0,0,0,0,0,0,20180712,20181010
244,0,0,0,0,0,0,0,20180712,20181010
245,0,0,0,0,0,0,0,20180712,20181010
246,0,0,0,0,0,0,0,20180712,20181010
247,0,0,0,0,0,0,0,20180712,20181010
248,0,0,0,0,0,0,0,20180712,20181010
249,0,0,0,0,0,0,0,20180712,20181010
250,0,0,0,0,0,0,0,20180712,20181010
252,0,0,0,0,0,0,0,20180712,20181010
253,0,0,0,0,0,0,0,20180712,20181010
254,0,0,0,0,0,0,0,20180712,20181010
255,0,0,0,0,0,0,0,20180712,20181010
256,0,0,0,0,0,0,0,20180712,20181010
257,0,0,0,0,0,0,0,20180712,20181010
262,0,0,0,0,0,0,0,20180712,20181010
263,0,0,0,0,0,0,0,20180712,20181010
264,0,0,0,0,0,0,0,20180712,20181010
265,0,0,0,0,0,0,0,20180712,20181010
266,0,0,0,0,0,0,0,20180712,20181010
267,0,0,0,0,0,0,0,20180712,20181010
268,0,0,0,0,0,0,0,20180712,20181010
269,0,0,0,0,0,0,0,20180712,20181010
271,0,0,0,0,0,0,0,20180712,20181010
272,0,0,0,0,0,0,0,20180712,20181010
310,1,1,1,1,1,0,0,20180712,20181010
311,0,0,0,0,0,1,0,20180712,20181010
317,0,1,0,0,0,0,0,20180712,20181010
318,0,0,0,1,0,0,0,20180712,20181010
336,0,0,0,0,0,0,0,20180712,20181010
337,0,0,0,0,0,0,0,20180712,20181010
338,0,0,0,0,0,0,0,20180712,20181010
339,0,0,0,0,0,0,0,20180712,20181010
340,0,0,0,0,0,0,0,20180712,20181010
341,0,0,0,0,0,0,0,20180712,20181010
342,0,0,0,0,0,0,0,20180712,20181010
343,0,0,0,0,0,0,0,20180712,20181010
344,0,0,0,0,0,0,0,20180712,20181010
345,0,0,0,0,0,0,0,20180712,20181010
346,0,0,0,0,0,0,0,20180712,20181010
347,0,0,0,0,0,0,0,20180712,20181010
348,0,0,0,0,0,0,0,20180712,20181010
349,0,0,0,0,0,0,0,20180712,20181010
350,0,0,0,0,0,0,0,20180712,20181010
351,0,0,0,0,0,0,0,20180712,20181010
352,1,1,1,1,1,0,0,20180712,20181010
353,1,1,1,1,1,0,0,20180712,20181010
354,0,0,0,0,0,1,0,20180712,20181010
357,1,1,1,1,1,0,0,20180712,20181010
358,1,1,1,1,1,0,0,20180712,20181010
359,1,1,1,1,1,0,0,20180712,20181010
360,1,1,1,1,1,0,0,20180712,20181010
361,1,1,1,1,1,0,0,20180712,20181010
362,1,1,1,1,1,0,0,20180712,20181010
363,0,0,0,0,1,0,0,20180712,20181010
364,0,0,0,0,1,0,0,20180712,20181010
365,0,0,0,0,1,0,0,20180712,20181010
366,0,0,0,0,1,0,0,20180712,20181010
367,0,0,0,0,1,0,0,20180712,20181010
368,0,0,0,0,1,0,0,20180712,20181010
369,0,0,0,0,0,1,0,20180712,20181010
370,0,0,0,0,0,1,0,20180712,20181010
371,0,0,0,0,0,1,0,20180712,20181010
372,0,0,0,0,0,1,0,20180712,20181010
373,0,0,0,0,0,1,0,20180712,20181010
374,0,0,0,0,0,1,0,20180712,20181010
375,0,0,0,0,0,0,1,20180712,20181010
376,0,0,0,0,0,0,1,20180712,20181010
377,0,0,0,0,0,0,1,20180712,20181010
378,0,0,0,0,0,0,1,20180712,20181010
379,0,0,0,0,0,0,1,20180712,20181010
380,0,0,0,0,0,0,1,20180712,20181010
381,0,0,0,0,0,0,1,20180712,20181010
385,0,0,0,0,0,1,0,20180712,20181010
391,0,0,0,0,0,1,0,20180712,20181010
392,0,0,0,0,0,1,0,20180712,20181010
393,0,0,0,0,0,0,0,20180712,20181010
394,0,0,0,0,0,0,0,20180712,20181010
395,0,0,0,0,0,0,0,20180712,20181010
396,0,0,0,0,0,0,0,20180712,20181010
397,0,0,0,0,0,0,0,20180712,20181010
398,0,0,0,0,0,0,0,20180712,20181010
399,0,0,0,0,0,0,0,20180712,20181010
400,0,0,0,0,0,1,0,20180712,20181010
402,0,0,0,0,0,1,0,20180712,20181010
403,0,0,0,0,0,1,0,20180712,20181010
405,0,0,0,0,0,1,0,20180712,20181010
406,0,0,0,0,0,0,0,20180712,20181010
407,0,0,0,0,0,0,0,20180712,20181010
410,0,0,0,0,0,0,0,20180712,20181010
411,0,0,0,0,0,0,0,20180712,20181010
S57332_32,1,1,1,1,1,0,0,20180712,20180714
S57332_14,0,0,0,0,0,1,0,20180712,20180714
S57332_21,0,0,0,0,0,0,1,20180712,20180714
S56691_32,1,1,1,1,1,0,0,20180715,20181010
S56691_14,0,0,0,0,0,1,0,20180715,20181010
S56691_21,0,0,0,0,0,0,1,20180715,20181010
S57333_32,1,1,1,1,1,0,0,20180712,20180714
S56692_32,1,1,1,1,1,0,0,20180715,20181010
S57334_15,1,1,1,1,1,0,0,20180712,20180714
S56693_15,1,1,1,1,1,0,0,20180715,20181010
S57335_32,1,1,1,1,1,0,0,20180712,20180714
S57335_13,1,1,1,1,1,0,0,20180712,20180714
S57335_14,0,0,0,0,0,1,0,20180712,20180714
S57335_21,0,0,0,0,0,0,1,20180712,20180714
S56694_32,1,1,1,1,1,0,0,20180715,20181010
S56694_13,1,1,1,1,1,0,0,20180715,20181010
S56694_14,0,0,0,0,0,1,0,20180715,20181010
S56694_21,0,0,0,0,0,0,1,20180715,20181010
S57336_32,1,1,1,1,1,0,0,20180712,20180714
S56695_32,1,1,1,1,1,0,0,20180715,20181010
S57337_15,1,1,1,1,1,0,0,20180712,20180714
S56696_15,1,1,1,1,1,0,0,20180715,20181010
S56959_400,0,0,0,0,0,1,0,20180712,20180714
S56959_402,0,0,0,0,0,1,0,20180712,20180714
S56959_391,0,0,0,0,0,1,0,20180712,20180714
S56959_381,0,0,0,0,0,0,1,20180712,20180714
S57264_400,0,0,0,0,0,1,0,20180715,20181010
S57264_402,0,0,0,0,0,1,0,20180715,20181010
S57264_391,0,0,0,0,0,1,0,20180715,20181010
S57264_381,0,0,0,0,0,0,1,20180715,20181010
S56884_402,0,0,0,0,0,1,0,20180712,20180714
S56884_391,0,0,0,0,0,1,0,20180712,20180714
S56884_381,0,0,0,0,0,0,1,20180712,20180714
S57265_400,0,0,0,0,0,1,0,20180715,20181010
S57265_402,0,0,0,0,0,1,0,20180715,20181010
S57265_391,0,0,0,0,0,1,0,20180715,20181010
S56885_400,0,0,0,0,0,1,0,20180712,20180714
S56885_402,0,0,0,0,0,1,0,20180712,20180714
S56885_391,0,0,0,0,0,1,0,20180712,20180714
S56885_381,0,0,0,0,0,0,1,20180712,20180714
S57266_400,0,0,0,0,0,1,0,20180715,20181010
S57266_402,0,0,0,0,0,1,0,20180715,20181010
S57266_391,0,0,0,0,0,1,0,20180715,20181010
S57266_381,0,0,0,0,0,0,1,20180715,20181010
S57267_400,0,0,0,0,0,1,0,20180715,20181010
S56887_402,0,0,0,0,0,1,0,20180712,20180714
S56887_391,0,0,0,0,0,1,0,20180712,20180714
S56887_381,0,0,0,0,0,0,1,20180712,20180714
S57268_400,0,0,0,0,0,1,0,20180715,20181010
S57268_402,0,0,0,0,0,1,0,20180715,20181010
S57268_391,0,0,0,0,0,1,0,20180715,20181010
S33350_15,1,1,1,1,1,0,0,20180712,20180714
S56878_15,1,1,1,1,1,0,0,20180715,20181010
S52908_15,1,1,1,1,1,0,0,20180712,20180714
S56879_15,1,1,1,1,1,0,0,20180715,20181010
S53047_32,1,1,1,1,1,0,0,20180712,20180714
S53047_14,0,0,0,0,0,1,0,20180712,20180714
S53047_13,1,1,1,1,1,0,0,20180712,20180714
S53047_21,0,0,0,0,0,0,1,20180712,20180714
S53047_15,1,1,1,1,1,0,0,20180712,20180714
S55940_32,1,1,1,1,1,0,0,20180715,20181010
S55940_14,0,0,0,0,0,1,0,20180715,20181010
S55940_13,1,1,1,1,1,0,0,20180715,20181010
S55940_21,0,0,0,0,0,0,1,20180715,20181010
S55940_15,1,1,1,1,1,0,0,20180715,20181010
S53048_35,0,0,0,1,0,0,0,20180712,20180714
S53048_53,1,1,1,0,0,0,0,20180712,20180714
S53048_36,0,0,0,0,1,0,0,20180712,20180714
S53048_15,1,1,1,1,1,0,0,20180712,20180714
S55941_35,0,0,0,1,0,0,0,20180715,20181010
S55941_53,1,1,1,0,0,0,0,20180715,20181010
S55941_36,0,0,0,0,1,0,0,20180715,20181010
S55941_15,1,1,1,1,1,0,0,20180715,20181010
S53049_15,1,1,1,1,1,0,0,20180712,20180714
S55942_15,1,1,1,1,1,0,0,20180715,20181010
S53050_32,1,1,1,1,1,0,0,20180712,20180714
S55943_32,1,1,1,1,1,0,0,20180715,20181010
S53051_32,1,1,1,1,1,0,0,20180712,20180714
S53051_14,0,0,0,0,0,1,0,20180712,20180714
S53051_21,0,0,0,0,0,0,1,20180712,20180714
S53051_15,1,1,1,1,1,0,0,20180712,20180714
S55944_32,1,1,1,1,1,0,0,20180715,20181010
S55944_14,0,0,0,0,0,1,0,20180715,20181010
S55944_21,0,0,0,0,0,0,1,20180715,20181010
S55944_15,1,1,1,1,1,0,0,20180715,20181010
S53052_32,1,1,1,1,1,0,0,20180712,20180714
S53052_14,0,0,0,0,0,1,0,20180712,20180714
S53052_21,0,0,0,0,0,0,1,20180712,20180714
S55945_32,1,1,1,1,1,0,0,20180715,20181010
S55945_14,0,0,0,0,0,1,0,20180715,20181010
S55945_21,0,0,0,0,0,0,1,20180715,20181010
S55260_15,1,1,1,1,1,0,0,20180712,20180714
S57090_15,1,1,1,1,1,0,0,20180715,20181010
S55261_15,1,1,1,1,1,0,0,20180712,20180714
S57091_15,1,1,1,1,1,0,0,20180715,20181010
S55263_15,1,1,1,1,1,0,0,20180712,20180714
S57092_15,1,1,1,1,1,0,0,20180715,20181010
S55262_15,1,1,1,1,1,0,0,20180712,20180714
S57093_15,1,1,1,1,1,0,0,20180715,20181010
S55264_15,1,1,1,1,1,0,0,20180712,20180714
S57094_15,1,1,1,1,1,0,0,20180715,20181010
S53710_32,1,1,1,1,1,0,0,20180712,20180714
S53710_14,0,0,0,0,0,1,0,20180712,20180714
S53710_15,1,1,1,1,1,0,0,20180712,20180714
S56603_32,1,1,1,1,1,0,0,20180715,20181010
S56603_14,0,0,0,0,0,1,0,20180715,20181010
S56603_15,1,1,1,1,1,0,0,20180715,20181010
S53711_32,1,1,1,1,1,0,0,20180712,20180714
S53711_14,0,0,0,0,0,1,0,20180712,20180714
S56604_32,1,1,1,1,1,0,0,20180715,20181010
S56604_14,0,0,0,0,0,1,0,20180715,20181010
S53712_15,1,1,1,1,1,0,0,20180712,20180714
S56605_15,1,1,1,1,1,0,0,20180715,20181010
S53713_32,1,1,1,1,1,0,0,20180712,20180714
S53713_13,1,1,1,1,1,0,0,20180712,20180714
S56606_32,1,1,1,1,1,0,0,20180715,20181010
S56606_13,1,1,1,1,1,0,0,20180715,20181010
S53714_15,1,1,1,1,1,0,0,20180712,20180714
S56607_15,1,1,1,1,1,0,0,20180715,20181010
S53715_32,1,1,1,1,1,0,0,20180712,20180714
S53715_13,1,1,1,1,1,0,0,20180712,20180714
S56608_32,1,1,1,1,1,0,0,20180715,20181010
S56608_13,1,1,1,1,1,0,0,20180715,20181010
S53716_15,1,1,1,1,1,0,0,20180712,20180714
S56609_15,1,1,1,1,1,0,0,20180715,20181010
S53717_32,1,1,1,1,1,0,0,20180712,20180714
S53717_14,0,0,0,0,0,1,0,20180712,20180714
S53717_13,1,1,1,1,1,0,0,20180712,20180714
S53717_21,0,0,0,0,0,0,1,20180712,20180714
S56610_32,1,1,1,1,1,0,0,20180715,20181010
S56610_14,0,0,0,0,0,1,0,20180715,20181010
S56610_13,1,1,1,1,1,0,0,20180715,20181010
S56610_21,0,0,0,0,0,0,1,20180715,20181010
S53718_32,1,1,1,1,1,0,0,20180712,20180714
S56611_32,1,1,1,1,1,0,0,20180715,20181010
S53719_15,1,1,1,1,1,0,0,20180712,20180714
S56612_15,1,1,1,1,1,0,0,20180715,20181010
S53720_32,1,1,1,1,1,0,0,20180712,20180714
S53720_14,0,0,0,0,0,1,0,20180712,20180714
S53720_13,1,1,1,1,1,0,0,20180712,20180714
S53720_21,0,0,0,0,0,0,1,20180712,20180714
S56613_32,1,1,1,1,1,0,0,20180715,20181010
S56613_14,0,0,0,0,0,1,0,20180715,20181010
S56613_13,1,1,1,1,1,0,0,20180715,20181010
S56613_21,0,0,0,0,0,0,1,20180715,20181010
S53721_32,1,1,1,1,1,0,0,20180712,20180714
S56614_32,1,1,1,1,1,0,0,20180715,20181010
S53722_15,1,1,1,1,1,0,0,20180712,20180714
S56615_15,1,1,1,1,1,0,0,20180715,20181010
S56301_32,1,1,1,1,1,0,0,20180712,20180714
S56301_14,0,0,0,0,0,1,0,20180712,20180714
S56301_13,1,1,1,1,1,0,0,20180712,20180714
S56617_32,1,1,1,1,1,0,0,20180715,20181010
S56617_14,0,0,0,0,0,1,0,20180715,20181010
S56617_13,1,1,1,1,1,0,0,20180715,20181010
S56467_32,1,1,1,1,1,0,0,20180712,20180714
S56618_32,1,1,1,1,1,0,0,20180715,20181010
S56302_32,1,1,1,1,1,0,0,20180712,20180714
S56302_14,0,0,0,0,0,1,0,20180712,20180714
S56302_21,0,0,0,0,0,0,1,20180712,20180714
S56620_32,1,1,1,1,1,0,0,20180715,20181010
S56620_14,0,0,0,0,0,1,0,20180715,20181010
S56620_21,0,0,0,0,0,0,1,20180715,20181010
S53728_15,1,1,1,1,1,0,0,20180712,20180714
S56621_15,1,1,1,1,1,0,0,20180715,20181010
S56303_15,1,1,1,1,1,0,0,20180712,20180714
S56622_15,1,1,1,1,1,0,0,20180715,20181010
S56270_32,1,1,1,1,1,0,0,20180712,20180714
S56270_14,0,0,0,0,0,1,0,20180712,20180714
S56623_32,1,1,1,1,1,0,0,20180715,20181010
S56623_14,0,0,0,0,0,1,0,20180715,20181010
S53731_32,1,1,1,1,1,0,0,20180712,20180714
S56624_32,1,1,1,1,1,0,0,20180715,20181010
S56271_32,1,1,1,1,1,0,0,20180712,20180714
S56271_14,0,0,0,0,0,1,0,20180712,20180714
S56271_13,1,1,1,1,1,0,0,20180712,20180714
S56271_21,0,0,0,0,0,0,1,20180712,20180714
S56626_32,1,1,1,1,1,0,0,20180715,20181010
S56626_14,0,0,0,0,0,1,0,20180715,20181010
S56626_13,1,1,1,1,1,0,0,20180715,20181010
S56626_21,0,0,0,0,0,0,1,20180715,20181010
S56272_15,1,1,1,1,1,0,0,20180712,20180714
S56627_15,1,1,1,1,1,0,0,20180715,20181010
S53853_32,1,1,1,1,1,0,0,20180712,20180714
S56628_32,1,1,1,1,1,0,0,20180715,20181010
S53855_32,1,1,1,1,1,0,0,20180712,20180714
S56629_32,1,1,1,1,1,0,0,20180715,20181010
S46572_15,1,1,1,1,1,0,0,20180712,20180714
S56731_15,1,1,1,1,1,0,0,20180715,20181010
S47644_15,1,1,1,1,1,0,0,20180712,20180714
S56732_15,1,1,1,1,1,0,0,20180715,20181010
S50200_15,1,1,1,1,1,0,0,20180712,20180714
S56822_15,1,1,1,1,1,0,0,20180715,20181010
S50210_15,1,1,1,1,1,0,0,20180712,20180714
S56823_15,1,1,1,1,1,0,0,20180715,20181010
S44776_15,1,1,1,1,1,0,0,20180712,20180714
S56824_15,1,1,1,1,1,0,0,20180715,20181010
S47816_32,1,1,1,1,1,0,0,20180712,20180714
S47816_14,0,0,0,0,0,1,0,20180712,20180714
S47816_13,1,1,1,1,1,0,0,20180712,20180714
S56825_32,1,1,1,1,1,0,0,20180715,20181010
S56825_14,0,0,0,0,0,1,0,20180715,20181010
S56825_13,1,1,1,1,1,0,0,20180715,20181010
S47814_15,1,1,1,1,1,0,0,20180712,20180714
S56826_15,1,1,1,1,1,0,0,20180715,20181010
S47815_32,1,1,1,1,1,0,0,20180712,20180714
S47815_14,0,0,0,0,0,1,0,20180712,20180714
S56827_32,1,1,1,1,1,0,0,20180715,20181010
S56827_14,0,0,0,0,0,1,0,20180715,20181010
S44643_32,1,1,1,1,1,0,0,20180712,20180714
S44643_13,1,1,1,1,1,0,0,20180712,20180714
S56828_32,1,1,1,1,1,0,0,20180715,20181010
S56828_13,1,1,1,1,1,0,0,20180715,20181010
S51939_32,1,1,1,1,1,0,0,20180712,20180714
S51939_14,0,0,0,0,0,1,0,20180712,20180714
S51939_21,0,0,0,0,0,0,1,20180712,20180714
S56834_32,1,1,1,1,1,0,0,20180715,20181010
S56834_14,0,0,0,0,0,1,0,20180715,20181010
S56834_21,0,0,0,0,0,0,1,20180715,20181010
S51940_32,1,1,1,1,1,0,0,20180712,20180714
S51940_14,0,0,0,0,0,1,0,20180712,20180714
S51940_21,0,0,0,0,0,0,1,20180712,20180714
S56835_32,1,1,1,1,1,0,0,20180715,20181010
S56835_14,0,0,0,0,0,1,0,20180715,20181010
S56835_13,1,1,1,1,1,0,0,20180715,20181010
S56835_21,0,0,0,0,0,0,1,20180715,20181010
S56835_15,1,1,1,1,1,0,0,20180715,20181010
S51942_32,1,1,1,1,1,0,0,20180712,20180714
S56836_32,1,1,1,1,1,0,0,20180715,20181010
S51998_32,1,1,1,1,1,0,0,20180712,20180714
S51998_15,1,1,1,1,1,0,0,20180712,20180714
S56853_32,1,1,1,1,1,0,0,20180715,20181010
S56853_15,1,1,1,1,1,0,0,20180715,20181010
S48738_32,1,1,1,1,1,0,0,20180712,20180714
S48738_14,0,0,0,0,0,1,0,20180712,20180714
S48738_21,0,0,0,0,0,0,1,20180712,20180714
S56855_32,1,1,1,1,1,0,0,20180715,20181010
S56855_14,0,0,0,0,0,1,0,20180715,20181010
S56855_21,0,0,0,0,0,0,1,20180715,20181010
S48739_32,1,1,1,1,1,0,0,20180712,20180714
S48739_14,0,0,0,0,0,1,0,20180712,20180714
S48739_21,0,0,0,0,0,0,1,20180712,20180714
S56856_32,1,1,1,1,1,0,0,20180715,20181010
S56856_14,0,0,0,0,0,1,0,20180715,20181010
S56856_13,1,1,1,1,1,0,0,20180715,20181010
S56856_21,0,0,0,0,0,0,1,20180715,20181010
S56856_15,1,1,1,1,1,0,0,20180715,20181010
S52001_32,1,1,1,1,1,0,0,20180712,20180714
S52001_14,0,0,0,0,0,1,0,20180712,20180714
S52001_13,1,1,1,1,1,0,0,20180712,20180714
S52001_21,0,0,0,0,0,0,1,20180712,20180714
S52001_15,1,1,1,1,1,0,0,20180712,20180714
S56857_32,1,1,1,1,1,0,0,20180715,20181010
S56857_14,0,0,0,0,0,1,0,20180715,20181010
S56857_13,1,1,1,1,1,0,0,20180715,20181010
S56857_21,0,0,0,0,0,0,1,20180715,20181010
S56857_15,1,1,1,1,1,0,0,20180715,20181010
S52003_32,1,1,1,1,1,0,0,20180712,20180714
S52003_13,1,1,1,1,1,0,0,20180712,20180714
S52003_14,0,0,0,0,0,1,0,20180712,20180714
S52003_15,1,1,1,1,1,0,0,20180712,20180714
S52003_21,0,0,0,0,0,0,1,20180712,20180714
S56858_32,1,1,1,1,1,0,0,20180715,20181010
S56858_13,1,1,1,1,1,0,0,20180715,20181010
S56858_14,0,0,0,0,0,1,0,20180715,20181010
S56858_15,1,1,1,1,1,0,0,20180715,20181010
S56858_21,0,0,0,0,0,0,1,20180715,20181010
S52004_32,1,1,1,1,1,0,0,20180712,20180714
S56859_32,1,1,1,1,1,0,0,20180715,20181010
S51926_32,1,1,1,1,1,0,0,20180712,20180714
S51926_13,1,1,1,1,1,0,0,20180712,20180714
S51926_14,0,0,0,0,0,1,0,20180712,20180714
S51926_21,0,0,0,0,0,0,1,20180712,20180714
S56860_32,1,1,1,1,1,0,0,20180715,20181010
S56860_13,1,1,1,1,1,0,0,20180715,20181010
S56860_14,0,0,0,0,0,1,0,20180715,20181010
S56860_21,0,0,0,0,0,0,1,20180715,20181010
S51930_15,1,1,1,1,1,0,0,20180712,20180714
S56861_15,1,1,1,1,1,0,0,20180715,20181010
S51932_32,1,1,1,1,1,0,0,20180712,20180714
S51932_13,1,1,1,1,1,0,0,20180712,20180714
S51932_14,0,0,0,0,0,1,0,20180712,20180714
S51932_21,0,0,0,0,0,0,1,20180712,20180714
S56862_32,1,1,1,1,1,0,0,20180715,20181010
S56862_14,0,0,0,0,0,1,0,20180715,20181010
S56862_13,1,1,1,1,1,0,0,20180715,20181010
S56862_21,0,0,0,0,0,0,1,20180715,20181010
S51935_32,1,1,1,1,1,0,0,20180712,20180714
S56863_32,1,1,1,1,1,0,0,20180715,20181010
S51937_15,1,1,1,1,1,0,0,20180712,20180714
S56864_15,1,1,1,1,1,0,0,20180715,20181010
S51018_15,1,1,1,1,1,0,0,20180712,20180714
S55002_15,1,1,1,1,1,0,0,20180715,20181010
S57087_15,1,1,1,1,1,0,0,20180712,20180714
S57837_15,1,1,1,1,1,0,0,20180715,20181010
S52884_15,1,1,1,1,1,0,0,20180712,20180714
S57838_15,1,1,1,1,1,0,0,20180715,20181010
S52885_15,1,1,1,1,1,0,0,20180712,20180714
S57839_15,1,1,1,1,1,0,0,20180715,20181010
S52886_15,1,1,1,1,1,0,0,20180712,20180714
S57840_15,1,1,1,1,1,0,0,20180715,20181010
S53321_15,1,1,1,1,1,0,0,20180712,20180714
S57841_15,1,1,1,1,1,0,0,20180715,20181010
S51016_32,1,1,1,1,1,0,0,20180712,20180714
S51016_14,0,0,0,0,0,1,0,20180712,20180714
S57842_32,1,1,1,1,1,0,0,20180715,20181010
S57842_14,0,0,0,0,0,1,0,20180715,20181010
S51034_32,1,1,1,1,1,0,0,20180712,20180714
S51034_14,0,0,0,0,0,1,0,20180712,20180714
S57843_32,1,1,1,1,1,0,0,20180715,20181010
S57843_14,0,0,0,0,0,1,0,20180715,20181010
S55042_15,1,1,1,1,1,0,0,20180712,20180714
S57190_15,1,1,1,1,1,0,0,20180715,20181010
S56880_400,0,0,0,0,0,1,0,20180712,20180714
S56880_402,0,0,0,0,0,1,0,20180712,20180714
S56880_391,0,0,0,0,0,1,0,20180712,20180714
S56880_381,0,0,0,0,0,0,1,20180712,20180714
S57261_400,0,0,0,0,0,1,0,20180715,20181010
S57261_402,0,0,0,0,0,1,0,20180715,20181010
S57261_391,0,0,0,0,0,1,0,20180715,20181010
S57261_381,0,0,0,0,0,0,1,20180715,20181010
S56881_402,0,0,0,0,0,1,0,20180712,20180714
S56881_391,0,0,0,0,0,1,0,20180712,20180714
S57262_400,0,0,0,0,0,1,0,20180715,20181010
S57262_402,0,0,0,0,0,1,0,20180715,20181010
S57262_391,0,0,0,0,0,1,0,20180715,20181010
S56882_402,0,0,0,0,0,1,0,20180712,20180714
S56882_391,0,0,0,0,0,1,0,20180712,20180714
S56882_381,0,0,0,0,0,0,1,20180712,20180714
S57263_400,0,0,0,0,0,1,0,20180715,20181010
S57263_402,0,0,0,0,0,1,0,20180715,20181010
S57263_391,0,0,0,0,0,1,0,20180715,20181010
S56962_400,0,0,0,0,0,1,0,20180712,20180714
S56962_402,0,0,0,0,0,1,0,20180712,20180714
S56962_391,0,0,0,0,0,1,0,20180712,20180714
S56962_381,0,0,0,0,0,0,1,20180712,20180714
S57275_400,0,0,0,0,0,1,0,20180715,20181010
S57275_402,0,0,0,0,0,1,0,20180715,20181010
S57275_391,0,0,0,0,0,1,0,20180715,20181010
S57275_381,0,0,0,0,0,0,1,20180715,20181010
S56894_402,0,0,0,0,0,1,0,20180712,20180714
S56894_391,0,0,0,0,0,1,0,20180712,20180714
S56894_381,0,0,0,0,0,0,1,20180712,20180714
S57276_400,0,0,0,0,0,1,0,20180715,20181010
S57276_402,0,0,0,0,0,1,0,20180715,20181010
S57276_391,0,0,0,0,0,1,0,20180715,20181010
S56963_400,0,0,0,0,0,1,0,20180712,20180714
S56963_402,0,0,0,0,0,1,0,20180712,20180714
S56963_391,0,0,0,0,0,1,0,20180712,20180714
S56963_381,0,0,0,0,0,0,1,20180712,20180714
S57277_400,0,0,0,0,0,1,0,20180715,20181010
S57277_402,0,0,0,0,0,1,0,20180715,20181010
S57277_391,0,0,0,0,0,1,0,20180715,20181010
S57277_381,0,0,0,0,0,0,1,20180715,20181010
S56896_402,0,0,0,0,0,1,0,20180712,20180714
S56896_391,0,0,0,0,0,1,0,20180712,20180714
S56896_381,0,0,0,0,0,0,1,20180712,20180714
S57278_400,0,0,0,0,0,1,0,20180715,20181010
S57278_402,0,0,0,0,0,1,0,20180715,20181010
S57278_391,0,0,0,0,0,1,0,20180715,20181010
S56897_402,0,0,0,0,0,1,0,20180712,20180714
S56897_391,0,0,0,0,0,1,0,20180712,20180714
S56897_381,0,0,0,0,0,0,1,20180712,20180714
S57279_400,0,0,0,0,0,1,0,20180715,20181010
S57279_402,0,0,0,0,0,1,0,20180715,20181010
S57279_391,0,0,0,0,0,1,0,20180715,20181010
S56964_400,0,0,0,0,0,1,0,20180712,20180714
S56964_402,0,0,0,0,0,1,0,20180712,20180714
S56964_391,0,0,0,0,0,1,0,20180712,20180714
S56964_381,0,0,0,0,0,0,1,20180712,20180714
S57280_400,0,0,0,0,0,1,0,20180715,20181010
S57280_402,0,0,0,0,0,1,0,20180715,20181010
S57280_391,0,0,0,0,0,1,0,20180715,20181010
S57280_381,0,0,0,0,0,0,1,20180715,20181010
S56899_402,0,0,0,0,0,1,0,20180712,20180714
S57281_402,0,0,0,0,0,1,0,20180715,20181010
S57281_391,0,0,0,0,0,1,0,20180715,20181010
S56900_402,0,0,0,0,0,1,0,20180712,20180714
S56900_391,0,0,0,0,0,1,0,20180712,20180714
S57282_400,0,0,0,0,0,1,0,20180715,20181010
S57282_402,0,0,0,0,0,1,0,20180715,20181010
S57282_391,0,0,0,0,0,1,0,20180715,20181010
S56901_402,0,0,0,0,0,1,0,20180712,20180714
S56901_391,0,0,0,0,0,1,0,20180712,20180714
S57283_400,0,0,0,0,0,1,0,20180715,20181010
S57283_402,0,0,0,0,0,1,0,20180715,20181010
S57283_391,0,0,0,0,0,1,0,20180715,20181010
S56902_402,0,0,0,0,0,1,0,20180712,20180714
S56902_391,0,0,0,0,0,1,0,20180712,20180714
S56902_381,0,0,0,0,0,0,1,20180712,20180714
S57284_400,0,0,0,0,0,1,0,20180715,20181010
S57284_402,0,0,0,0,0,1,0,20180715,20181010
S57284_391,0,0,0,0,0,1,0,20180715,20181010
S56903_400,0,0,0,0,0,1,0,20180712,20180714
S56903_391,0,0,0,0,0,1,0,20180712,20180714
S56904_400,0,0,0,0,0,1,0,20180712,20180714
S53723_19,0,0,1,0,0,0,0,20180712,20180714
S50837_32,1,1,1,1,1,0,0,20180712,20180714
S50837_14,0,0,0,0,0,1,0,20180712,20180714
S50837_21,0,0,0,0,0,0,1,20180712,20180714
S56037_32,1,1,1,1,1,0,0,20180715,20181010
S56037_14,0,0,0,0,0,1,0,20180715,20181010
S56037_21,0,0,0,0,0,0,1,20180715,20181010
S45546_32,1,1,1,1,1,0,0,20180712,20180714
S45546_14,0,0,0,0,0,1,0,20180712,20180714
S45546_21,0,0,0,0,0,0,1,20180712,20180714
S56038_32,1,1,1,1,1,0,0,20180715,20181010
S56038_14,0,0,0,0,0,1,0,20180715,20181010
S56038_21,0,0,0,0,0,0,1,20180715,20181010
S52084_32,1,1,1,1,1,0,0,20180712,20180714
S52084_13,1,1,1,1,1,0,0,20180712,20180714
S52084_14,0,0,0,0,0,1,0,20180712,20180714
S52084_21,0,0,0,0,0,0,1,20180712,20180714
S56039_32,1,1,1,1,1,0,0,20180715,20181010
S56039_13,1,1,1,1,1,0,0,20180715,20181010
S56039_14,0,0,0,0,0,1,0,20180715,20181010
S56039_21,0,0,0,0,0,0,1,20180715,20181010
S52085_15,1,1,1,1,1,0,0,20180712,20180714
S56040_15,1,1,1,1,1,0,0,20180715,20181010
S52086_15,1,1,1,1,1,0,0,20180712,20180714
S56041_15,1,1,1,1,1,0,0,20180715,20181010
S53628_32,1,1,1,1,1,0,0,20180712,20180714
S53628_14,0,0,0,0,0,1,0,20180712,20180714
S53628_21,0,0,0,0,0,0,1,20180712,20180714
S56042_32,1,1,1,1,1,0,0,20180715,20181010
S56042_14,0,0,0,0,0,1,0,20180715,20181010
S56042_21,0,0,0,0,0,0,1,20180715,20181010
S53053_32,1,1,1,1,1,0,0,20180712,20180714
S53053_14,0,0,0,0,0,1,0,20180712,20180714
S53053_21,0,0,0,0,0,0,1,20180712,20180714
S56043_32,1,1,1,1,1,0,0,20180715,20181010
S56043_14,0,0,0,0,0,1,0,20180715,20181010
S56043_21,0,0,0,0,0,0,1,20180715,20181010
S53054_15,1,1,1,1,1,0,0,20180712,20180714
S56044_15,1,1,1,1,1,0,0,20180715,20181010
S53055_32,1,1,1,1,1,0,0,20180712,20180714
S53055_14,0,0,0,0,0,1,0,20180712,20180714
S53055_21,0,0,0,0,0,0,1,20180712,20180714
S56045_32,1,1,1,1,1,0,0,20180715,20181010
S56045_14,0,0,0,0,0,1,0,20180715,20181010
S56045_21,0,0,0,0,0,0,1,20180715,20181010
S53056_32,1,1,1,1,1,0,0,20180712,20180714
S53056_14,0,0,0,0,0,1,0,20180712,20180714
S53056_15,1,1,1,1,1,0,0,20180712,20180714
S53056_21,0,0,0,0,0,0,1,20180712,20180714
S56046_32,1,1,1,1,1,0,0,20180715,20181010
S56046_14,0,0,0,0,0,1,0,20180715,20181010
S56046_15,1,1,1,1,1,0,0,20180715,20181010
S56046_21,0,0,0,0,0,0,1,20180715,20181010
S48971_32,1,1,1,1,1,0,0,20180712,20180714
S56047_32,1,1,1,1,1,0,0,20180715,20181010
S54022_32,1,1,1,1,1,0,0,20180712,20180714
S56048_32,1,1,1,1,1,0,0,20180715,20181010
S48973_32,1,1,1,1,1,0,0,20180712,20180714
S56049_32,1,1,1,1,1,0,0,20180715,20181010
S48974_32,1,1,1,1,1,0,0,20180712,20180714
S56050_32,1,1,1,1,1,0,0,20180715,20181010
S48975_32,1,1,1,1,1,0,0,20180712,20180714
S56051_32,1,1,1,1,1,0,0,20180715,20181010
S50852_32,1,1,1,1,1,0,0,20180712,20180714
S56052_32,1,1,1,1,1,0,0,20180715,20181010
S50853_32,1,1,1,1,1,0,0,20180712,20180714
S56053_32,1,1,1,1,1,0,0,20180715,20181010
S53057_32,1,1,1,1,1,0,0,20180712,20180714
S53057_14,0,0,0,0,0,1,0,20180712,20180714
S53057_21,0,0,0,0,0,0,1,20180712,20180714
S56054_32,1,1,1,1,1,0,0,20180715,20181010
S56054_14,0,0,0,0,0,1,0,20180715,20181010
S56054_21,0,0,0,0,0,0,1,20180715,20181010
S53058_32,1,1,1,1,1,0,0,20180712,20180714
S56055_32,1,1,1,1,1,0,0,20180715,20181010
S48998_32,1,1,1,1,1,0,0,20180712,20180714
S56056_32,1,1,1,1,1,0,0,20180715,20181010
S53059_32,1,1,1,1,1,0,0,20180712,20180714
S53059_13,1,1,1,1,1,0,0,20180712,20180714
S53059_14,0,0,0,0,0,1,0,20180712,20180714
S53059_21,0,0,0,0,0,0,1,20180712,20180714
S56057_32,1,1,1,1,1,0,0,20180715,20181010
S56057_13,1,1,1,1,1,0,0,20180715,20181010
S56057_14,0,0,0,0,0,1,0,20180715,20181010
S56057_21,0,0,0,0,0,0,1,20180715,20181010
S53060_15,1,1,1,1,1,0,0,20180712,20180714
S56058_15,1,1,1,1,1,0,0,20180715,20181010
S53061_32,1,1,1,1,1,0,0,20180712,20180714
S53061_14,0,0,0,0,0,1,0,20180712,20180714
S53061_21,0,0,0,0,0,0,1,20180712,20180714
S56059_32,1,1,1,1,1,0,0,20180715,20181010
S56059_14,0,0,0,0,0,1,0,20180715,20181010
S56059_21,0,0,0,0,0,0,1,20180715,20181010
S48982_32,1,1,1,1,1,0,0,20180712,20180714
S48982_13,1,1,1,1,1,0,0,20180712,20180714
S48982_14,0,0,0,0,0,1,0,20180712,20180714
S48982_21,0,0,0,0,0,0,1,20180712,20180714
S56060_32,1,1,1,1,1,0,0,20180715,20181010
S56060_13,1,1,1,1,1,0,0,20180715,20181010
S56060_14,0,0,0,0,0,1,0,20180715,20181010
S56060_21,0,0,0,0,0,0,1,20180715,20181010
S53179_15,1,1,1,1,1,0,0,20180712,20180714
S56061_15,1,1,1,1,1,0,0,20180715,20181010
S48984_32,1,1,1,1,1,0,0,20180712,20180714
S48984_13,1,1,1,1,1,0,0,20180712,20180714
S48984_14,0,0,0,0,0,1,0,20180712,20180714
S48984_21,0,0,0,0,0,0,1,20180712,20180714
S56062_32,1,1,1,1,1,0,0,20180715,20181010
S56062_13,1,1,1,1,1,0,0,20180715,20181010
S56062_14,0,0,0,0,0,1,0,20180715,20181010
S56062_21,0,0,0,0,0,0,1,20180715,20181010
S53180_15,1,1,1,1,1,0,0,20180712,20180714
S56063_15,1,1,1,1,1,0,0,20180715,20181010
S53062_32,1,1,1,1,1,0,0,20180712,20180714
S53062_14,0,0,0,0,0,1,0,20180712,20180714
S53062_21,0,0,0,0,0,0,1,20180712,20180714
S56064_32,1,1,1,1,1,0,0,20180715,20181010
S56064_14,0,0,0,0,0,1,0,20180715,20181010
S56064_21,0,0,0,0,0,0,1,20180715,20181010
S53063_32,1,1,1,1,1,0,0,20180712,20180714
S56065_32,1,1,1,1,1,0,0,20180715,20181010
S53064_32,1,1,1,1,1,0,0,20180712,20180714
S56066_32,1,1,1,1,1,0,0,20180715,20181010
S53609_15,1,1,1,1,1,0,0,20180712,20180714
S56067_15,1,1,1,1,1,0,0,20180715,20181010
S53065_32,1,1,1,1,1,0,0,20180712,20180714
S53065_14,0,0,0,0,0,1,0,20180712,20180714
S56068_32,1,1,1,1,1,0,0,20180715,20181010
S56068_14,0,0,0,0,0,1,0,20180715,20181010
S53066_32,1,1,1,1,1,0,0,20180712,20180714
S53066_14,0,0,0,0,0,1,0,20180712,20180714
S56069_32,1,1,1,1,1,0,0,20180715,20181010
S56069_14,0,0,0,0,0,1,0,20180715,20181010
S53067_32,1,1,1,1,1,0,0,20180712,20180714
S56070_32,1,1,1,1,1,0,0,20180715,20181010
S53611_32,1,1,1,1,1,0,0,20180712,20180714
S53611_14,0,0,0,0,0,1,0,20180712,20180714
S53611_21,0,0,0,0,0,0,1,20180712,20180714
S56071_32,1,1,1,1,1,0,0,20180715,20181010
S56071_14,0,0,0,0,0,1,0,20180715,20181010
S56071_21,0,0,0,0,0,0,1,20180715,20181010
S53069_32,1,1,1,1,1,0,0,20180712,20180714
S56072_32,1,1,1,1,1,0,0,20180715,20181010
S53070_32,1,1,1,1,1,0,0,20180712,20180714
S53070_21,0,0,0,0,0,0,1,20180712,20180714
S56073_32,1,1,1,1,1,0,0,20180715,20181010
S56073_21,0,0,0,0,0,0,1,20180715,20181010
S53071_32,1,1,1,1,1,0,0,20180712,20180714
S56074_32,1,1,1,1,1,0,0,20180715,20181010
S53732_32,1,1,1,1,1,0,0,20180712,20180714
S53726_32,1,1,1,1,1,0,0,20180712,20180714
S53854_32,1,1,1,1,1,0,0,20180712,20180714
S43856_285,0,0,0,0,0,0,0,20180712,20180714
S57558_285,0,0,0,0,0,0,0,20180715,20181010
S53274_286,0,0,0,0,0,0,0,20180712,20180714
S57559_286,0,0,0,0,0,0,0,20180715,20181010
S47722_287,0,0,0,0,0,0,0,20180712,20180714
S57560_287,0,0,0,0,0,0,0,20180715,20181010
S53275_288,0,0,0,0,0,0,0,20180712,20180714
S57561_288,0,0,0,0,0,0,0,20180715,20181010
S50904_32,1,1,1,1,1,0,0,20180712,20180714
S56833_32,1,1,1,1,1,0,0,20180715,20181010
S51943_32,1,1,1,1,1,0,0,20180712,20180714
S51943_14,0,0,0,0,0,1,0,20180712,20180714
S51943_13,1,1,1,1,1,0,0,20180712,20180714
S51943_21,0,0,0,0,0,0,1,20180712,20180714
S51943_15,1,1,1,1,1,0,0,20180712,20180714
S56865_32,1,1,1,1,1,0,0,20180715,20181010
S56865_14,0,0,0,0,0,1,0,20180715,20181010
S56865_13,1,1,1,1,1,0,0,20180715,20181010
S56865_21,0,0,0,0,0,0,1,20180715,20181010
S56865_15,1,1,1,1,1,0,0,20180715,20181010
S51944_32,1,1,1,1,1,0,0,20180712,20180714
S51944_13,1,1,1,1,1,0,0,20180712,20180714
S51944_14,0,0,0,0,0,1,0,20180712,20180714
S51944_15,1,1,1,1,1,0,0,20180712,20180714
S51944_21,0,0,0,0,0,0,1,20180712,20180714
S56866_32,1,1,1,1,1,0,0,20180715,20181010
S56866_13,1,1,1,1,1,0,0,20180715,20181010
S56866_14,0,0,0,0,0,1,0,20180715,20181010
S56866_15,1,1,1,1,1,0,0,20180715,20181010
S56866_21,0,0,0,0,0,0,1,20180715,20181010
S51391_32,1,1,1,1,1,0,0,20180712,20180714
S51391_14,0,0,0,0,0,1,0,20180712,20180714
S51391_21,0,0,0,0,0,0,1,20180712,20180714
S55588_32,1,1,1,1,1,0,0,20180715,20181010
S55588_14,0,0,0,0,0,1,0,20180715,20181010
S55588_21,0,0,0,0,0,0,1,20180715,20181010
S51428_32,1,1,1,1,1,0,0,20180712,20180714
S51428_14,0,0,0,0,0,1,0,20180712,20180714
S51428_21,0,0,0,0,0,0,1,20180712,20180714
S51428_192,1,0,0,0,0,0,0,20180712,20180714
S55589_32,1,1,1,1,1,0,0,20180715,20181010
S55589_14,0,0,0,0,0,1,0,20180715,20181010
S55589_21,0,0,0,0,0,0,1,20180715,20181010
S55589_192,1,0,0,0,0,0,0,20180715,20181010
S50824_42,1,1,0,1,1,0,0,20180712,20180714
S50824_19,0,0,1,0,0,0,0,20180712,20180714
S57180_42,1,1,0,1,1,0,0,20180715,20181010
S57180_19,0,0,1,0,0,0,0,20180715,20181010
S52163_15,1,1,1,1,1,0,0,20180712,20180714
S57181_15,1,1,1,1,1,0,0,20180715,20181010
S52911_15,1,1,1,1,1,0,0,20180712,20180714
S57182_15,1,1,1,1,1,0,0,20180715,20181010
S52024_15,1,1,1,1,1,0,0,20180712,20180714
S57183_15,1,1,1,1,1,0,0,20180715,20181010
S53934_15,1,1,1,1,1,0,0,20180712,20180714
S57184_15,1,1,1,1,1,0,0,20180715,20181010
S52006_15,1,1,1,1,1,0,0,20180712,20180714
S57185_15,1,1,1,1,1,0,0,20180715,20181010
S55427_15,1,1,1,1,1,0,0,20180712,20180714
S57186_15,1,1,1,1,1,0,0,20180715,20181010
S52016_15,1,1,1,1,1,0,0,20180712,20180714
S57187_15,1,1,1,1,1,0,0,20180715,20181010
S52017_15,1,1,1,1,1,0,0,20180712,20180714
S57188_15,1,1,1,1,1,0,0,20180715,20181010
S56958_400,0,0,0,0,0,1,0,20180712,20180714
S56958_402,0,0,0,0,0,1,0,20180712,20180714
S56958_391,0,0,0,0,0,1,0,20180712,20180714
S56958_381,0,0,0,0,0,0,1,20180712,20180714
S57269_400,0,0,0,0,0,1,0,20180715,20181010
S57269_402,0,0,0,0,0,1,0,20180715,20181010
S57269_391,0,0,0,0,0,1,0,20180715,20181010
S57269_381,0,0,0,0,0,0,1,20180715,20181010
S56889_402,0,0,0,0,0,1,0,20180712,20180714
S56889_391,0,0,0,0,0,1,0,20180712,20180714
S56889_381,0,0,0,0,0,0,1,20180712,20180714
S57270_400,0,0,0,0,0,1,0,20180715,20181010
S57270_402,0,0,0,0,0,1,0,20180715,20181010
S57270_391,0,0,0,0,0,1,0,20180715,20181010
S56890_402,0,0,0,0,0,1,0,20180712,20180714
S56890_391,0,0,0,0,0,1,0,20180712,20180714
S56890_381,0,0,0,0,0,0,1,20180712,20180714
S57271_400,0,0,0,0,0,1,0,20180715,20181010
S57271_402,0,0,0,0,0,1,0,20180715,20181010
S57271_391,0,0,0,0,0,1,0,20180715,20181010
S56961_400,0,0,0,0,0,1,0,20180712,20180714
S56961_402,0,0,0,0,0,1,0,20180712,20180714
S56961_391,0,0,0,0,0,1,0,20180712,20180714
S56961_381,0,0,0,0,0,0,1,20180712,20180714
S57272_400,0,0,0,0,0,1,0,20180715,20181010
S57272_402,0,0,0,0,0,1,0,20180715,20181010
S57272_391,0,0,0,0,0,1,0,20180715,20181010
S57272_381,0,0,0,0,0,0,1,20180715,20181010
S57132_402,0,0,0,0,0,1,0,20180712,20180714
S57273_400,0,0,0,0,0,1,0,20180715,20181010
S57273_402,0,0,0,0,0,1,0,20180715,20181010
S57273_391,0,0,0,0,0,1,0,20180715,20181010
S56892_402,0,0,0,0,0,1,0,20180712,20180714
S56892_391,0,0,0,0,0,1,0,20180712,20180714
S56892_381,0,0,0,0,0,0,1,20180712,20180714
S57274_400,0,0,0,0,0,1,0,20180715,20181010
S57274_402,0,0,0,0,0,1,0,20180715,20181010
S57274_391,0,0,0,0,0,1,0,20180715,20181010
S47240_32,1,1,1,1,1,0,0,20180712,20180714
S47240_14,0,0,0,0,0,1,0,20180712,20180714
S47240_21,0,0,0,0,0,0,1,20180712,20180714
S56829_32,1,1,1,1,1,0,0,20180715,20181010
S56829_14,0,0,0,0,0,1,0,20180715,20181010
S56829_21,0,0,0,0,0,0,1,20180715,20181010
S47241_32,1,1,1,1,1,0,0,20180712,20180714
S47241_14,0,0,0,0,0,1,0,20180712,20180714
S47241_21,0,0,0,0,0,0,1,20180712,20180714
S56830_32,1,1,1,1,1,0,0,20180715,20181010
S56830_14,0,0,0,0,0,1,0,20180715,20181010
S56830_21,0,0,0,0,0,0,1,20180715,20181010
S44654_32,1,1,1,1,1,0,0,20180712,20180714
S56832_32,1,1,1,1,1,0,0,20180715,20181010
S45826_32,1,1,1,1,1,0,0,20180712,20180714
S56868_32,1,1,1,1,1,0,0,20180715,20181010
S45827_32,1,1,1,1,1,0,0,20180712,20180714
S56869_32,1,1,1,1,1,0,0,20180715,20181010
S51429_32,1,1,1,1,1,0,0,20180712,20180714
S51429_14,0,0,0,0,0,1,0,20180712,20180714
S51429_21,0,0,0,0,0,0,1,20180712,20180714
S55578_32,1,1,1,1,1,0,0,20180715,20181010
S55578_14,0,0,0,0,0,1,0,20180715,20181010
S55578_21,0,0,0,0,0,0,1,20180715,20181010
S51430_32,1,1,1,1,1,0,0,20180712,20180714
S51430_14,0,0,0,0,0,1,0,20180712,20180714
S51430_21,0,0,0,0,0,0,1,20180712,20180714
S55579_32,1,1,1,1,1,0,0,20180715,20181010
S55579_14,0,0,0,0,0,1,0,20180715,20181010
S55579_21,0,0,0,0,0,0,1,20180715,20181010
S51431_32,1,1,1,1,1,0,0,20180712,20180714
S51431_14,0,0,0,0,0,1,0,20180712,20180714
S51431_21,0,0,0,0,0,0,1,20180712,20180714
S55580_32,1,1,1,1,1,0,0,20180715,20181010
S55580_14,0,0,0,0,0,1,0,20180715,20181010
S55580_21,0,0,0,0,0,0,1,20180715,20181010
S51432_32,1,1,1,1,1,0,0,20180712,20180714
S51432_14,0,0,0,0,0,1,0,20180712,20180714
S51432_21,0,0,0,0,0,0,1,20180712,20180714
S55581_32,1,1,1,1,1,0,0,20180715,20181010
S55581_14,0,0,0,0,0,1,0,20180715,20181010
S55581_21,0,0,0,0,0,0,1,20180715,20181010
S51433_32,1,1,1,1,1,0,0,20180712,20180714
S51433_14,0,0,0,0,0,1,0,20180712,20180714
S51433_21,0,0,0,0,0,0,1,20180712,20180714
S55582_32,1,1,1,1,1,0,0,20180715,20181010
S55582_14,0,0,0,0,0,1,0,20180715,20181010
S55582_21,0,0,0,0,0,0,1,20180715,20181010
S51434_32,1,1,1,1,1,0,0,20180712,20180714
S51434_14,0,0,0,0,0,1,0,20180712,20180714
S51434_21,0,0,0,0,0,0,1,20180712,20180714
S55583_32,1,1,1,1,1,0,0,20180715,20181010
S55583_14,0,0,0,0,0,1,0,20180715,20181010
S55583_21,0,0,0,0,0,0,1,20180715,20181010
S51435_32,1,1,1,1,1,0,0,20180712,20180714
S51435_14,0,0,0,0,0,1,0,20180712,20180714
S51435_21,0,0,0,0,0,0,1,20180712,20180714
S55584_32,1,1,1,1,1,0,0,20180715,20181010
S55584_14,0,0,0,0,0,1,0,20180715,20181010
S55584_21,0,0,0,0,0,0,1,20180715,20181010
S51436_32,1,1,1,1,1,0,0,20180712,20180714
S51436_21,0,0,0,0,0,0,1,20180712,20180714
S55585_32,1,1,1,1,1,0,0,20180715,20181010
S55585_21,0,0,0,0,0,0,1,20180715,20181010
S51379_32,1,1,1,1,1,0,0,20180712,20180714
S51379_14,0,0,0,0,0,1,0,20180712,20180714
S51379_21,0,0,0,0,0,0,1,20180712,20180714
S55586_32,1,1,1,1,1,0,0,20180715,20181010
S55586_14,0,0,0,0,0,1,0,20180715,20181010
S55586_21,0,0,0,0,0,0,1,20180715,20181010
S51427_32,1,1,1,1,1,0,0,20180712,20180714
S51427_14,0,0,0,0,0,1,0,20180712,20180714
S51427_192,1,0,0,0,0,0,0,20180712,20180714
S51427_21,0,0,0,0,0,0,1,20180712,20180714
S55587_32,1,1,1,1,1,0,0,20180715,20181010
S55587_14,0,0,0,0,0,1,0,20180715,20181010
S55587_192,1,0,0,0,0,0,0,20180715,20181010
S55587_21,0,0,0,0,0,0,1,20180715,20181010
S53377_32,1,1,1,1,1,0,0,20180712,20180714
S53377_14,0,0,0,0,0,1,0,20180712,20180714
S53377_21,0,0,0,0,0,0,1,20180712,20180714
S55590_32,1,1,1,1,1,0,0,20180715,20181010
S55590_14,0,0,0,0,0,1,0,20180715,20181010
S55590_21,0,0,0,0,0,0,1,20180715,20181010
S53378_32,1,1,1,1,1,0,0,20180712,20180714
S53378_14,0,0,0,0,0,1,0,20180712,20180714
S53378_21,0,0,0,0,0,0,1,20180712,20180714
S55591_32,1,1,1,1,1,0,0,20180715,20181010
S55591_14,0,0,0,0,0,1,0,20180715,20181010
S55591_21,0,0,0,0,0,0,1,20180715,20181010
S53465_32,1,1,1,1,1,0,0,20180712,20180714
S55592_32,1,1,1,1,1,0,0,20180715,20181010
S51381_32,1,1,1,1,1,0,0,20180712,20180714
S51381_14,0,0,0,0,0,1,0,20180712,20180714
S51381_21,0,0,0,0,0,0,1,20180712,20180714
S55593_32,1,1,1,1,1,0,0,20180715,20181010
S55593_14,0,0,0,0,0,1,0,20180715,20181010
S55593_21,0,0,0,0,0,0,1,20180715,20181010
S51382_15,1,1,1,1,1,0,0,20180712,20180714
S55594_15,1,1,1,1,1,0,0,20180715,20181010
S53473_32,1,1,1,1,1,0,0,20180712,20180714
S53473_14,0,0,0,0,0,1,0,20180712,20180714
S53473_21,0,0,0,0,0,0,1,20180712,20180714
S55595_32,1,1,1,1,1,0,0,20180715,20181010
S55595_14,0,0,0,0,0,1,0,20180715,20181010
S55595_21,0,0,0,0,0,0,1,20180715,20181010
S53474_32,1,1,1,1,1,0,0,20180712,20180714
S53474_14,0,0,0,0,0,1,0,20180712,20180714
S53474_13,1,1,1,1,1,0,0,20180712,20180714
S53474_21,0,0,0,0,0,0,1,20180712,20180714
S55596_32,1,1,1,1,1,0,0,20180715,20181010
S55596_14,0,0,0,0,0,1,0,20180715,20181010
S55596_13,1,1,1,1,1,0,0,20180715,20181010
S55596_21,0,0,0,0,0,0,1,20180715,20181010
S53475_32,1,1,1,1,1,0,0,20180712,20180714
S55597_32,1,1,1,1,1,0,0,20180715,20181010
S53476_15,1,1,1,1,1,0,0,20180712,20180714
S55598_15,1,1,1,1,1,0,0,20180715,20181010
S53477_15,1,1,1,1,1,0,0,20180712,20180714
S55599_15,1,1,1,1,1,0,0,20180715,20181010
S53478_15,1,1,1,1,1,0,0,20180712,20180714
S55600_15,1,1,1,1,1,0,0,20180715,20181010
S53375_32,1,1,1,1,1,0,0,20180712,20180714
S53375_14,0,0,0,0,0,1,0,20180712,20180714
S53375_21,0,0,0,0,0,0,1,20180712,20180714
S55601_32,1,1,1,1,1,0,0,20180715,20181010
S55601_14,0,0,0,0,0,1,0,20180715,20181010
S55601_21,0,0,0,0,0,0,1,20180715,20181010
S53376_32,1,1,1,1,1,0,0,20180712,20180714
S53376_21,0,0,0,0,0,0,1,20180712,20180714
S55602_32,1,1,1,1,1,0,0,20180715,20181010
S55602_21,0,0,0,0,0,0,1,20180715,20181010
S53550_32,1,1,1,1,1,0,0,20180712,20180714
S55603_32,1,1,1,1,1,0,0,20180715,20181010
S51393_32,1,1,1,1,1,0,0,20180712,20180714
S51393_14,0,0,0,0,0,1,0,20180712,20180714
S51393_21,0,0,0,0,0,0,1,20180712,20180714
S55604_32,1,1,1,1,1,0,0,20180715,20181010
S55604_14,0,0,0,0,0,1,0,20180715,20181010
S55604_21,0,0,0,0,0,0,1,20180715,20181010
S52347_32,1,1,1,1,1,0,0,20180712,20180714
S52347_14,0,0,0,0,0,1,0,20180712,20180714
S55605_32,1,1,1,1,1,0,0,20180715,20181010
S55605_14,0,0,0,0,0,1,0,20180715,20181010
S51395_15,1,1,1,1,1,0,0,20180712,20180714
S55606_15,1,1,1,1,1,0,0,20180715,20181010
S53551_32,1,1,1,1,1,0,0,20180712,20180714
S53551_14,0,0,0,0,0,1,0,20180712,20180714
S53551_21,0,0,0,0,0,0,1,20180712,20180714
S55607_32,1,1,1,1,1,0,0,20180715,20181010
S55607_14,0,0,0,0,0,1,0,20180715,20181010
S55607_21,0,0,0,0,0,0,1,20180715,20181010
S53469_32,1,1,1,1,1,0,0,20180712,20180714
S53469_13,1,1,1,1,1,0,0,20180712,20180714
S53469_14,0,0,0,0,0,1,0,20180712,20180714
S53469_21,0,0,0,0,0,0,1,20180712,20180714
S55608_32,1,1,1,1,1,0,0,20180715,20181010
S55608_13,1,1,1,1,1,0,0,20180715,20181010
S55608_14,0,0,0,0,0,1,0,20180715,20181010
S55608_21,0,0,0,0,0,0,1,20180715,20181010
S53470_15,1,1,1,1,1,0,0,20180712,20180714
S55609_15,1,1,1,1,1,0,0,20180715,20181010
S53552_15,1,1,1,1,1,0,0,20180712,20180714
S55610_15,1,1,1,1,1,0,0,20180715,20181010
S53553_15,1,1,1,1,1,0,0,20180712,20180714
S55611_15,1,1,1,1,1,0,0,20180715,20181010
S51401_32,1,1,1,1,1,0,0,20180712,20180714
S55612_32,1,1,1,1,1,0,0,20180715,20181010
S51402_32,1,1,1,1,1,0,0,20180712,20180714
S55613_32,1,1,1,1,1,0,0,20180715,20181010
S53430_32,1,1,1,1,1,0,0,20180712,20180714
S55614_32,1,1,1,1,1,0,0,20180715,20181010
S53431_32,1,1,1,1,1,0,0,20180712,20180714
S55615_32,1,1,1,1,1,0,0,20180715,20181010
S53433_32,1,1,1,1,1,0,0,20180712,20180714
S55616_32,1,1,1,1,1,0,0,20180715,20181010
S53438_32,1,1,1,1,1,0,0,20180712,20180714
S55617_32,1,1,1,1,1,0,0,20180715,20181010
S53439_32,1,1,1,1,1,0,0,20180712,20180714
S53439_14,0,0,0,0,0,1,0,20180712,20180714
S53439_13,1,1,1,1,1,0,0,20180712,20180714
S53439_21,0,0,0,0,0,0,1,20180712,20180714
S55618_32,1,1,1,1,1,0,0,20180715,20181010
S55618_14,0,0,0,0,0,1,0,20180715,20181010
S55618_13,1,1,1,1,1,0,0,20180715,20181010
S55618_21,0,0,0,0,0,0,1,20180715,20181010
S53554_15,1,1,1,1,1,0,0,20180712,20180714
S55619_15,1,1,1,1,1,0,0,20180715,20181010
S53555_15,1,1,1,1,1,0,0,20180712,20180714
S55620_15,1,1,1,1,1,0,0,20180715,20181010
S53442_15,1,1,1,1,1,0,0,20180712,20180714
S55621_15,1,1,1,1,1,0,0,20180715,20181010
S53556_32,1,1,1,1,1,0,0,20180712,20180714
S55622_32,1,1,1,1,1,0,0,20180715,20181010
S53557_13,1,1,1,1,1,0,0,20180712,20180714
S55623_13,1,1,1,1,1,0,0,20180715,20181010
S53445_15,1,1,1,1,1,0,0,20180712,20180714
S55624_15,1,1,1,1,1,0,0,20180715,20181010
S53463_32,1,1,1,1,1,0,0,20180712,20180714
S55625_32,1,1,1,1,1,0,0,20180715,20181010
S53467_32,1,1,1,1,1,0,0,20180712,20180714
S55626_32,1,1,1,1,1,0,0,20180715,20181010
S51416_32,1,1,1,1,1,0,0,20180712,20180714
S55637_32,1,1,1,1,1,0,0,20180715,20181010
S51417_32,1,1,1,1,1,0,0,20180712,20180714
S55638_32,1,1,1,1,1,0,0,20180715,20181010
S53428_32,1,1,1,1,1,0,0,20180712,20180714
S55639_32,1,1,1,1,1,0,0,20180715,20181010
S53429_32,1,1,1,1,1,0,0,20180712,20180714
S55640_32,1,1,1,1,1,0,0,20180715,20181010
S53432_32,1,1,1,1,1,0,0,20180712,20180714
S55641_32,1,1,1,1,1,0,0,20180715,20181010
S53434_32,1,1,1,1,1,0,0,20180712,20180714
S55642_32,1,1,1,1,1,0,0,20180715,20181010
S53435_32,1,1,1,1,1,0,0,20180712,20180714
S53435_14,0,0,0,0,0,1,0,20180712,20180714
S53435_21,0,0,0,0,0,0,1,20180712,20180714
S55643_32,1,1,1,1,1,0,0,20180715,20181010
S55643_14,0,0,0,0,0,1,0,20180715,20181010
S55643_21,0,0,0,0,0,0,1,20180715,20181010
S53436_32,1,1,1,1,1,0,0,20180712,20180714
S53436_13,1,1,1,1,1,0,0,20180712,20180714
S55644_32,1,1,1,1,1,0,0,20180715,20181010
S55644_13,1,1,1,1,1,0,0,20180715,20181010
S53437_15,1,1,1,1,1,0,0,20180712,20180714
S55645_15,1,1,1,1,1,0,0,20180715,20181010
S53462_32,1,1,1,1,1,0,0,20180712,20180714
S55646_32,1,1,1,1,1,0,0,20180715,20181010
S53466_32,1,1,1,1,1,0,0,20180712,20180714
S55647_32,1,1,1,1,1,0,0,20180715,20181010
S53379_32,1,1,1,1,1,0,0,20180712,20180714
S56950_32,1,1,1,1,1,0,0,20180715,20181010
S53381_32,1,1,1,1,1,0,0,20180712,20180714
S53381_14,0,0,0,0,0,1,0,20180712,20180714
S53381_13,1,1,1,1,1,0,0,20180712,20180714
S53381_21,0,0,0,0,0,0,1,20180712,20180714
S56951_32,1,1,1,1,1,0,0,20180715,20181010
S56951_14,0,0,0,0,0,1,0,20180715,20181010
S56951_13,1,1,1,1,1,0,0,20180715,20181010
S56951_21,0,0,0,0,0,0,1,20180715,20181010
S53382_15,1,1,1,1,1,0,0,20180712,20180714
S56952_15,1,1,1,1,1,0,0,20180715,20181010
S53419_32,1,1,1,1,1,0,0,20180712,20180714
S53419_14,0,0,0,0,0,1,0,20180712,20180714
S56953_32,1,1,1,1,1,0,0,20180715,20181010
S56953_14,0,0,0,0,0,1,0,20180715,20181010
S53420_32,1,1,1,1,1,0,0,20180712,20180714
S53420_14,0,0,0,0,0,1,0,20180712,20180714
S56954_32,1,1,1,1,1,0,0,20180715,20181010
S56954_14,0,0,0,0,0,1,0,20180715,20181010
S53424_32,1,1,1,1,1,0,0,20180712,20180714
S53424_13,1,1,1,1,1,0,0,20180712,20180714
S53424_14,0,0,0,0,0,1,0,20180712,20180714
S53424_21,0,0,0,0,0,0,1,20180712,20180714
S56955_32,1,1,1,1,1,0,0,20180715,20181010
S56955_13,1,1,1,1,1,0,0,20180715,20181010
S56955_14,0,0,0,0,0,1,0,20180715,20181010
S56955_21,0,0,0,0,0,0,1,20180715,20181010
S53426_15,1,1,1,1,1,0,0,20180712,20180714
S56956_15,1,1,1,1,1,0,0,20180715,20181010
S53735_32,1,1,1,1,1,0,0,20180712,20180714
S53735_14,0,0,0,0,0,1,0,20180712,20180714
S53735_21,0,0,0,0,0,0,1,20180712,20180714
S56599_32,1,1,1,1,1,0,0,20180715,20181010
S56599_14,0,0,0,0,0,1,0,20180715,20181010
S56599_21,0,0,0,0,0,0,1,20180715,20181010
S56468_32,1,1,1,1,1,0,0,20180712,20180714
S56600_32,1,1,1,1,1,0,0,20180715,20181010
S53737_32,1,1,1,1,1,0,0,20180712,20180714
S53737_14,0,0,0,0,0,1,0,20180712,20180714
S53737_21,0,0,0,0,0,0,1,20180712,20180714
S56601_32,1,1,1,1,1,0,0,20180715,20181010
S56601_14,0,0,0,0,0,1,0,20180715,20181010
S56601_21,0,0,0,0,0,0,1,20180715,20181010
S53738_32,1,1,1,1,1,0,0,20180712,20180714
S56602_32,1,1,1,1,1,0,0,20180715,20181010
S44651_32,1,1,1,1,1,0,0,20180712,20180714
S44651_14,0,0,0,0,0,1,0,20180712,20180714
S44651_13,1,1,1,1,1,0,0,20180712,20180714
S44651_21,0,0,0,0,0,0,1,20180712,20180714
S56831_32,1,1,1,1,1,0,0,20180715,20181010
S56831_14,0,0,0,0,0,1,0,20180715,20181010
S56831_13,1,1,1,1,1,0,0,20180715,20181010
S56831_21,0,0,0,0,0,0,1,20180715,20181010
S51981_32,1,1,1,1,1,0,0,20180712,20180714
S51981_13,1,1,1,1,1,0,0,20180712,20180714
S51981_14,0,0,0,0,0,1,0,20180712,20180714
S51981_21,0,0,0,0,0,0,1,20180712,20180714
S51981_15,1,1,1,1,1,0,0,20180712,20180714
S56837_32,1,1,1,1,1,0,0,20180715,20181010
S56837_13,1,1,1,1,1,0,0,20180715,20181010
S56837_14,0,0,0,0,0,1,0,20180715,20181010
S56837_21,0,0,0,0,0,0,1,20180715,20181010
S56837_15,1,1,1,1,1,0,0,20180715,20181010
S51982_15,1,1,1,1,1,0,0,20180712,20180714
S56838_15,1,1,1,1,1,0,0,20180715,20181010
S51983_15,1,1,1,1,1,0,0,20180712,20180714
S56839_15,1,1,1,1,1,0,0,20180715,20181010
S51984_32,1,1,1,1,1,0,0,20180712,20180714
S51984_13,1,1,1,1,1,0,0,20180712,20180714
S51984_15,1,1,1,1,1,0,0,20180712,20180714
S56840_32,1,1,1,1,1,0,0,20180715,20181010
S56840_13,1,1,1,1,1,0,0,20180715,20181010
S56840_15,1,1,1,1,1,0,0,20180715,20181010
S51985_15,1,1,1,1,1,0,0,20180712,20180714
S56841_15,1,1,1,1,1,0,0,20180715,20181010
S51986_15,1,1,1,1,1,0,0,20180712,20180714
S56842_15,1,1,1,1,1,0,0,20180715,20181010
S51987_15,1,1,1,1,1,0,0,20180712,20180714
S56843_15,1,1,1,1,1,0,0,20180715,20181010
S51988_32,1,1,1,1,1,0,0,20180712,20180714
S56844_32,1,1,1,1,1,0,0,20180715,20181010
S51989_32,1,1,1,1,1,0,0,20180712,20180714
S51989_13,1,1,1,1,1,0,0,20180712,20180714
S51989_14,0,0,0,0,0,1,0,20180712,20180714
S51989_21,0,0,0,0,0,0,1,20180712,20180714
S56845_32,1,1,1,1,1,0,0,20180715,20181010
S56845_13,1,1,1,1,1,0,0,20180715,20181010
S56845_14,0,0,0,0,0,1,0,20180715,20181010
S56845_21,0,0,0,0,0,0,1,20180715,20181010
S51990_15,1,1,1,1,1,0,0,20180712,20180714
S56846_15,1,1,1,1,1,0,0,20180715,20181010
S51991_15,1,1,1,1,1,0,0,20180712,20180714
S56847_15,1,1,1,1,1,0,0,20180715,20181010
S51992_15,1,1,1,1,1,0,0,20180712,20180714
S56848_15,1,1,1,1,1,0,0,20180715,20181010
S51993_32,1,1,1,1,1,0,0,20180712,20180714
S56849_32,1,1,1,1,1,0,0,20180715,20181010
S51994_15,1,1,1,1,1,0,0,20180712,20180714
S56850_15,1,1,1,1,1,0,0,20180715,20181010
S51995_15,1,1,1,1,1,0,0,20180712,20180714
S56851_15,1,1,1,1,1,0,0,20180715,20181010
S51996_15,1,1,1,1,1,0,0,20180712,20180714
S56852_15,1,1,1,1,1,0,0,20180715,20181010
S51997_15,1,1,1,1,1,0,0,20180712,20180714
S56854_15,1,1,1,1,1,0,0,20180715,20181010
S53581_15,1,1,1,1,1,0,0,20180712,20180714
S57191_15,1,1,1,1,1,0,0,20180715,20181010
